0 0.261777 0.265401 0.210362 0.200024 0.253209 0.297619 2
0 0.078788 0.405420 0.017356 0.099181 0.076730 0.412016 2
0 0.212246 0.098334 0.147538 0.196669 0.205078 0.057664 2
0 0.568125 0.080014 0.057148 0.160028 0.576172 0.039062 2
0 0.657191 0.313124 0.126628 0.215356 0.671735 0.326451 2
0 0.662414 0.435680 0.040661 0.099091 0.664062 0.440848 2
0 0.578456 0.650506 0.038934 0.039368 0.576869 0.650112 2
0 0.384321 0.867771 0.107750 0.086457 0.391323 0.864955 2
0 0.448514 0.829871 0.071273 0.079732 0.466657 0.811942 2
0 0.131767 0.653262 0.112092 0.227269 0.149275 0.641741 2
0 0.095723 0.581532 0.040004 0.130818 0.107422 0.577567 2
0 0.169081 0.945257 0.118143 0.094003 0.178571 0.955171 2
0 0.214799 0.958493 0.088067 0.081711 0.216239 0.964472 2
0 0.259476 0.908447 0.099639 0.181803 0.243443 0.965402 2
0 0.824219 0.640795 0.061695 0.182292 0.807757 0.625930 2
0 0.740723 0.833333 0.064453 0.061235 0.737305 0.821243 2
0 0.974532 0.433192 0.049960 0.049420 0.994699 0.444568 2
0 0.942254 0.174414 0.114515 0.208962 0.984235 0.222284 2
