0 0.179103 0.682087 0.025166 0.023117 0.180273 0.683008 2
0 0.270387 0.882532 0.025064 0.037575 0.270850 0.880794 2
0 0.520160 0.628313 0.029148 0.032317 0.519482 0.626888 2
0 0.744177 0.258738 0.037805 0.036417 0.743457 0.258138 2
0 0.682539 0.089191 0.008899 0.016138 0.682178 0.094206 2
0 0.882130 0.082082 0.021751 0.050433 0.883105 0.082292 2
0 0.990018 0.115118 0.018987 0.030435 0.996680 0.121354 2
0 0.826636 0.386523 0.022741 0.029297 0.827197 0.386849 2
0 0.864122 0.833049 0.010038 0.042935 0.865234 0.837305 2
0 0.919722 0.396323 0.013731 0.040336 0.919434 0.397070 2
