0 0.725580 0.039036 0.045511 0.078072 0.736861 0.012919 2
0 0.801911 0.093554 0.109012 0.187108 0.785689 0.069568 2
0 0.931745 0.371883 0.135534 0.241521 0.964514 0.359578 2
0 0.788016 0.376530 0.065440 0.167811 0.791396 0.384098 2
0 0.869866 0.417948 0.127254 0.132221 0.868126 0.420455 2
0 0.367458 0.047428 0.112432 0.094856 0.341163 0.002773 2
0 0.276569 0.022317 0.036164 0.044635 0.276481 0.012074 2
0 0.494883 0.121419 0.108922 0.182633 0.503500 0.115226 2
0 0.559941 0.166866 0.041015 0.043976 0.556133 0.166802 2
0 0.459268 0.282773 0.115520 0.180240 0.474330 0.283482 2
0 0.307408 0.182947 0.081099 0.028437 0.306920 0.182867 2
0 0.434061 0.383936 0.087505 0.185402 0.445794 0.386634 2
0 0.489626 0.504908 0.148385 0.189053 0.485745 0.508387 2
0 0.527028 0.589206 0.134745 0.056450 0.517451 0.579410 2
0 0.582559 0.628075 0.156075 0.168202 0.588474 0.619149 2
0 0.640875 0.721684 0.094399 0.110134 0.643643 0.729911 2
0 0.322359 0.596313 0.199780 0.319265 0.353845 0.569264 2
0 0.590181 0.950150 0.079545 0.098399 0.586572 0.961580 2
0 0.772435 0.905691 0.064592 0.034599 0.773640 0.905777 2
0 0.928427 0.951085 0.086291 0.096527 0.955002 0.991173 2
0 0.049913 0.705360 0.099826 0.245809 0.071023 0.652124 2
