0 0.626000 0.410033 0.031701 0.046856 0.624365 0.409701 2
0 0.808561 0.113907 0.020574 0.022409 0.806641 0.115625 2
0 0.987884 0.882638 0.023255 0.031501 0.986426 0.884701 2
0 0.965692 0.776589 0.059233 0.034331 0.966846 0.775521 2
0 0.953464 0.787544 0.034872 0.021976 0.953076 0.787044 2
0 0.586298 0.865860 0.016819 0.028512 0.588184 0.868620 2
0 0.482773 0.697851 0.029883 0.038518 0.482861 0.698112 2
0 0.084742 0.492635 0.031739 0.084477 0.084814 0.491667 2
0 0.105081 0.505604 0.043979 0.027336 0.103516 0.503841 2
0 0.515365 0.014707 0.008661 0.029415 0.515040 0.009665 2
