0 0.073793 0.007721 0.018818 0.011497 0.075488 0.009440 2
0 0.161601 0.332779 0.023221 0.028707 0.161816 0.332878 2
0 0.219782 0.412536 0.009631 0.016429 0.220243 0.411646 2
0 0.187133 0.586397 0.009092 0.038630 0.187402 0.582096 2
0 0.228407 0.779321 0.010502 0.027222 0.228760 0.781120 2
0 0.197079 0.900400 0.024652 0.034984 0.196533 0.901497 2
0 0.091897 0.865756 0.022978 0.038303 0.092236 0.864583 2
0 0.253435 0.372351 0.033809 0.020332 0.254283 0.376434 2
0 0.261925 0.118585 0.017849 0.011971 0.262012 0.119336 2
0 0.528161 0.017915 0.028511 0.035830 0.530078 0.007747 2
0 0.733282 0.385862 0.026438 0.017918 0.733203 0.388151 2
0 0.830299 0.418243 0.028442 0.025149 0.829053 0.420768 2
0 0.856580 0.156044 0.027219 0.030132 0.855469 0.157487 2
0 0.841557 0.020672 0.036801 0.041344 0.840430 0.018555 2
0 0.916281 0.059702 0.044549 0.072799 0.916823 0.065367 2
0 0.456338 0.984244 0.024349 0.030209 0.456445 0.988021 2
0 0.645244 0.721508 0.008349 0.052234 0.645166 0.723828 2
0 0.342289 0.209013 0.011060 0.042239 0.342236 0.211458 2
