0 0.060895 0.248939 0.096221 0.104335 0.056313 0.248451 2
0 0.180596 0.391108 0.057116 0.114898 0.180700 0.381035 2
0 0.384674 0.212809 0.101557 0.085449 0.376369 0.193326 2
0 0.362692 0.242356 0.025348 0.094757 0.360330 0.211384 2
0 0.209291 0.083534 0.126260 0.159776 0.221687 0.054089 2
0 0.145186 0.092361 0.020837 0.028173 0.144346 0.092581 2
0 0.514126 0.053809 0.035376 0.017179 0.509563 0.054405 2
0 0.478447 0.041134 0.057872 0.069748 0.479099 0.037409 2
0 0.884419 0.198791 0.095294 0.177938 0.868443 0.205109 2
0 0.868001 0.286892 0.078456 0.164063 0.857282 0.281994 2
0 0.955151 0.159825 0.088722 0.161663 0.979120 0.198909 2
0 0.969953 0.346967 0.059117 0.200164 0.975400 0.343378 2
0 0.942361 0.459825 0.085981 0.115096 0.931222 0.445685 2
0 0.761583 0.469060 0.058928 0.069196 0.767997 0.469866 2
0 0.835135 0.634492 0.064419 0.189123 0.823335 0.633557 2
0 0.681641 0.715169 0.048828 0.073984 0.683826 0.706721 2
0 0.971792 0.910933 0.053345 0.090645 0.964704 0.911334 2
0 0.797872 0.942108 0.121931 0.114483 0.793573 0.943576 2
