0 0.264602 0.088356 0.147377 0.176711 0.259475 0.032283 2
0 0.123117 0.328014 0.028827 0.197762 0.125885 0.328563 2
0 0.228916 0.299815 0.020261 0.042519 0.228024 0.296976 2
0 0.241802 0.275089 0.028895 0.031796 0.239947 0.275527 2
0 0.044373 0.060796 0.085081 0.121593 0.054193 0.065079 2
0 0.100390 0.043731 0.109766 0.087462 0.102095 0.026364 2
0 0.210306 0.078825 0.086813 0.096908 0.207015 0.087702 2
0 0.489978 0.081176 0.138051 0.098844 0.495257 0.069010 2
0 0.380329 0.405926 0.021383 0.022620 0.380603 0.405206 2
0 0.685168 0.317970 0.075927 0.137068 0.672387 0.314360 2
0 0.733391 0.394833 0.158975 0.145381 0.760975 0.427517 2
0 0.912793 0.350022 0.101888 0.102618 0.918481 0.363099 2
0 0.972936 0.683645 0.053152 0.201891 0.989702 0.677565 2
0 0.461818 0.870145 0.153575 0.246538 0.456920 0.861923 2
0 0.018878 0.717156 0.037756 0.103544 0.004822 0.768066 2
