0 0.046387 0.576823 0.077148 0.187542 0.025271 0.569353 2
0 0.329928 0.071740 0.149768 0.143480 0.361928 0.025676 2
0 0.292665 0.149883 0.164409 0.299765 0.271981 0.137610 2
0 0.512479 0.312911 0.064149 0.138500 0.532398 0.310079 2
0 0.716553 0.139323 0.152856 0.235677 0.684022 0.147889 2
0 0.814306 0.146033 0.085932 0.177257 0.809947 0.151316 2
0 0.714171 0.366213 0.115777 0.049572 0.710578 0.368330 2
0 0.936742 0.420118 0.125540 0.173846 0.970138 0.431149 2
0 0.755179 0.679771 0.119200 0.106767 0.752553 0.688140 2
0 0.828071 0.679615 0.129231 0.206887 0.833076 0.692708 2
0 0.476338 0.653782 0.096751 0.154890 0.484426 0.649306 2
0 0.218111 0.467260 0.113956 0.040847 0.223153 0.477979 2
0 0.179022 0.729361 0.213571 0.211579 0.174325 0.701846 2
0 0.369491 0.910195 0.045344 0.156141 0.366211 0.910864 2
0 0.352848 0.940944 0.040309 0.049456 0.342225 0.924571 2
0 0.980611 0.903403 0.037802 0.124346 0.984701 0.907438 2
