0 0.122070 0.390625 0.028320 0.035515 0.123047 0.394694 2
0 0.011256 0.445188 0.022511 0.011968 0.004232 0.445747 2
0 0.015525 0.489291 0.021325 0.006112 0.015299 0.490017 2
0 0.174120 0.248017 0.005612 0.037042 0.175242 0.247082 2
0 0.200552 0.705189 0.029719 0.043609 0.198075 0.707942 2
0 0.324592 0.285408 0.031592 0.065613 0.326904 0.287272 2
0 0.603779 0.301107 0.057279 0.020658 0.604355 0.302083 2
0 0.470871 0.289263 0.028100 0.021638 0.470004 0.287676 2
0 0.528612 0.085500 0.030640 0.069167 0.527100 0.085449 2
0 0.660587 0.644384 0.077111 0.080434 0.651470 0.645879 2
0 0.548468 0.815682 0.045179 0.033144 0.546961 0.813779 2
