0 0.580109 0.862348 0.016638 0.041574 0.579932 0.860156 2
0 0.076428 0.502068 0.012635 0.038042 0.076172 0.502963 2
0 0.068900 0.531506 0.016841 0.026038 0.069706 0.529993 2
0 0.513525 0.488541 0.006152 0.026693 0.514260 0.487794 2
0 0.558030 0.306783 0.026029 0.035990 0.560853 0.303947 2
0 0.666202 0.328341 0.020135 0.069998 0.667744 0.330177 2
0 0.852769 0.610719 0.019261 0.039191 0.852379 0.611604 2
0 0.708496 0.162435 0.028711 0.022049 0.709093 0.163932 2
0 0.638257 0.599739 0.099843 0.133832 0.647114 0.606973 2
0 0.941324 0.207363 0.033331 0.014523 0.941211 0.210091 2
0 0.717326 0.009214 0.026123 0.018428 0.718589 0.005654 2
0 0.968164 0.792338 0.006917 0.049295 0.968164 0.792383 2
0 0.976177 0.951135 0.008624 0.040492 0.976439 0.950543 2
