0 0.174461 0.129917 0.085648 0.098744 0.170262 0.134454 2
0 0.041050 0.307092 0.044840 0.104283 0.039487 0.296932 2
0 0.086539 0.362197 0.082393 0.068841 0.098081 0.376189 2
0 0.399315 0.346858 0.125922 0.138930 0.399541 0.329201 2
0 0.349353 0.334561 0.077601 0.078766 0.349864 0.338259 2
0 0.407812 0.422192 0.166058 0.145632 0.412704 0.434500 2
0 0.543945 0.303385 0.095805 0.177083 0.550696 0.309952 2
0 0.565811 0.419671 0.051914 0.033841 0.565557 0.413553 2
0 0.629643 0.369030 0.115161 0.051592 0.633916 0.378453 2
0 0.612849 0.356290 0.056592 0.115570 0.620329 0.360337 2
0 0.722115 0.227173 0.140599 0.127523 0.720109 0.236356 2
0 0.570025 0.143152 0.033856 0.124847 0.573200 0.141814 2
0 0.583391 0.068104 0.078848 0.020706 0.584664 0.063689 2
0 0.705535 0.084228 0.137948 0.081084 0.706522 0.087466 2
0 0.649661 0.059935 0.073629 0.119869 0.643682 0.038779 2
0 0.737733 0.575260 0.141178 0.141599 0.743886 0.548856 2
0 0.841537 0.682133 0.112146 0.153720 0.848760 0.674536 2
0 0.735703 0.734028 0.038780 0.045683 0.734969 0.732846 2
0 0.481947 0.667131 0.073996 0.193605 0.475968 0.668875 2
0 0.430580 0.671761 0.100378 0.082292 0.431810 0.668875 2
0 0.346080 0.811591 0.069373 0.101390 0.343071 0.812104 2
0 0.251338 0.867681 0.081340 0.114130 0.247537 0.871547 2
0 0.064981 0.499224 0.129962 0.044740 0.067935 0.504133 2
0 0.511812 0.944262 0.103189 0.110174 0.513757 0.950238 2
0 0.500754 0.943529 0.090994 0.063563 0.498471 0.937783 2
0 0.770480 0.842287 0.055824 0.018192 0.771484 0.842108 2
0 0.925100 0.947593 0.087222 0.103512 0.954484 0.980808 2
0 0.910735 0.052637 0.058282 0.105275 0.912874 0.043875 2
