0 0.116191 0.782959 0.118469 0.129894 0.114778 0.789096 2
0 0.209474 0.393742 0.072928 0.178295 0.206093 0.393398 2
0 0.421556 0.113351 0.168401 0.226702 0.441990 0.076333 2
0 0.450839 0.430403 0.111516 0.182560 0.446429 0.428064 2
0 0.544030 0.519135 0.131216 0.090014 0.542182 0.518534 2
0 0.582328 0.422271 0.041473 0.109377 0.585938 0.411999 2
0 0.448188 0.625523 0.064732 0.077473 0.445794 0.627604 2
0 0.578760 0.548751 0.099726 0.146981 0.570084 0.544744 2
0 0.514342 0.681493 0.088983 0.047228 0.514915 0.685099 2
0 0.345226 0.771303 0.085533 0.121492 0.336724 0.772186 2
0 0.490360 0.858012 0.091013 0.019145 0.488915 0.861810 2
0 0.554261 0.765282 0.138918 0.207535 0.564377 0.776414 2
0 0.799256 0.192964 0.127156 0.186088 0.792030 0.198931 2
0 0.684196 0.111285 0.101377 0.159712 0.688667 0.115226 2
0 0.631167 0.233526 0.017217 0.122283 0.632229 0.242052 2
0 0.607756 0.141759 0.160846 0.094846 0.606230 0.156656 2
0 0.574699 0.245159 0.111404 0.160158 0.573889 0.243743 2
0 0.736242 0.223523 0.022207 0.094919 0.729778 0.224124 2
0 0.937226 0.356397 0.124571 0.096220 0.940417 0.361269 2
0 0.934136 0.552782 0.116558 0.131181 0.938515 0.554890 2
0 0.824006 0.515260 0.091533 0.037942 0.821619 0.513672 2
0 0.823929 0.666097 0.078521 0.106891 0.819932 0.669880 2
