0 0.073539 0.674989 0.147077 0.110164 0.067218 0.692472 2
0 0.164920 0.457468 0.100292 0.112598 0.166777 0.456575 2
0 0.229252 0.067708 0.145028 0.135417 0.230190 0.054958 2
0 0.281250 0.457682 0.049809 0.217448 0.285359 0.458266 2
0 0.400181 0.596005 0.131418 0.233244 0.415990 0.584246 2
0 0.334682 0.649437 0.167696 0.246791 0.324041 0.654424 2
0 0.315918 0.817057 0.190648 0.270833 0.299944 0.800697 2
0 0.218367 0.758905 0.036063 0.157513 0.214336 0.749966 2
0 0.590229 0.674824 0.137488 0.160438 0.591645 0.660342 2
0 0.594331 0.708686 0.028173 0.044039 0.593547 0.709382 2
0 0.435433 0.106069 0.129656 0.189697 0.431209 0.098079 2
0 0.610293 0.110595 0.026140 0.118403 0.618278 0.109916 2
0 0.779950 0.081278 0.039384 0.036425 0.779982 0.081169 2
0 0.910121 0.202479 0.144464 0.105530 0.911881 0.187703 2
0 0.870614 0.119947 0.034936 0.130559 0.871931 0.130208 2
0 0.968018 0.443754 0.056793 0.169108 0.982904 0.446429 2
0 0.941891 0.596823 0.090657 0.125085 0.969587 0.602848 2
0 0.907314 0.555634 0.025355 0.118309 0.911247 0.552117 2
0 0.890942 0.537017 0.070832 0.151692 0.878272 0.541971 2
0 0.628910 0.822553 0.176486 0.103475 0.630961 0.843818 2
0 0.599663 0.876967 0.043179 0.116333 0.603693 0.876792 2
0 0.959861 0.901290 0.079301 0.078388 0.998757 0.881020 2
0 0.405673 0.918601 0.014011 0.032073 0.405844 0.919068 2
