0 0.516817 0.412608 0.036780 0.008878 0.516772 0.412657 2
0 0.211848 0.800683 0.007872 0.046737 0.212178 0.798115 2
0 0.217526 0.799421 0.017238 0.042702 0.217259 0.799125 2
0 0.313058 0.960938 0.005859 0.020833 0.312934 0.965526 2
0 0.364419 0.971963 0.018094 0.032909 0.364862 0.969659 2
0 0.636545 0.710796 0.032856 0.062783 0.636130 0.707176 2
0 0.969727 0.124349 0.041028 0.031250 0.971726 0.124339 2
0 0.853760 0.821289 0.015167 0.048828 0.854694 0.820850 2
0 0.890583 0.579169 0.013665 0.037389 0.891121 0.581101 2
0 0.927773 0.567823 0.026758 0.038953 0.927548 0.571801 2
