0 0.136038 0.078626 0.015539 0.062675 0.135562 0.077684 2
0 0.192215 0.116536 0.020198 0.043689 0.191073 0.116216 2
0 0.192213 0.832925 0.031389 0.041067 0.191064 0.832161 2
0 0.198464 0.936813 0.012289 0.055348 0.197803 0.935286 2
0 0.242917 0.954670 0.024392 0.034703 0.240918 0.958203 2
0 0.188781 0.275159 0.025612 0.008062 0.190088 0.276042 2
0 0.799922 0.208717 0.025452 0.040378 0.799854 0.209245 2
0 0.756416 0.350629 0.011949 0.036898 0.757129 0.349479 2
0 0.551381 0.699705 0.028634 0.029791 0.552246 0.699414 2
0 0.539490 0.830893 0.044178 0.060095 0.540755 0.829880 2
0 0.642811 0.716677 0.039771 0.062105 0.642707 0.718678 2
0 0.821309 0.476775 0.023451 0.054664 0.823291 0.475586 2
0 0.768294 0.903298 0.035079 0.018647 0.767627 0.903255 2
