0 0.078704 0.225030 0.157408 0.160997 0.078098 0.208394 2
0 0.147949 0.128581 0.146541 0.194661 0.140507 0.115570 2
0 0.272048 0.041185 0.062734 0.060088 0.273493 0.044880 2
0 0.331608 0.288868 0.028066 0.104810 0.330534 0.290636 2
0 0.345194 0.369323 0.097011 0.178852 0.353436 0.379996 2
0 0.194702 0.739683 0.023433 0.026852 0.195972 0.739583 2
0 0.165772 0.788349 0.138433 0.201298 0.170898 0.764804 2
0 0.557168 0.433857 0.100173 0.130239 0.552180 0.429133 2
0 0.605454 0.315355 0.039940 0.023240 0.601468 0.314272 2
0 0.726562 0.851888 0.101562 0.061884 0.724497 0.856188 2
0 0.745650 0.811188 0.110692 0.053573 0.743317 0.830417 2
0 0.877441 0.760417 0.071289 0.159523 0.862410 0.740756 2
0 0.865173 0.055028 0.072732 0.072570 0.866765 0.073902 2
0 0.744159 0.219376 0.046011 0.102038 0.740635 0.233937 2
0 0.959313 0.506245 0.032622 0.049329 0.960739 0.515666 2
