0 0.107853 0.390216 0.114538 0.241549 0.090838 0.390625 2
0 0.138280 0.832720 0.059850 0.016736 0.136587 0.832278 2
0 0.056465 0.948121 0.094948 0.093463 0.060045 0.960726 2
0 0.329523 0.183892 0.214926 0.256952 0.349935 0.219947 2
0 0.509077 0.053847 0.067057 0.107695 0.517974 0.051614 2
0 0.896568 0.035213 0.121008 0.070425 0.886749 0.028781 2
0 0.898400 0.123817 0.038411 0.147373 0.888364 0.114959 2
0 0.863769 0.168945 0.100586 0.044934 0.861530 0.171265 2
0 0.896144 0.210107 0.138197 0.049913 0.892763 0.214668 2
0 0.683124 0.301107 0.160246 0.193435 0.672376 0.318483 2
0 0.928674 0.539301 0.087055 0.137720 0.922676 0.534910 2
0 0.822576 0.490904 0.096912 0.074256 0.817541 0.497372 2
0 0.524094 0.348626 0.035422 0.193319 0.530291 0.352501 2
