0 0.171562 0.221592 0.030084 0.028846 0.171973 0.220312 2
0 0.016816 0.634948 0.022484 0.009795 0.017629 0.635052 2
0 0.085248 0.879443 0.015625 0.038785 0.086084 0.879883 2
0 0.155494 0.942071 0.023321 0.011916 0.156641 0.941471 2
0 0.241590 0.013831 0.023086 0.027662 0.244610 0.004814 2
0 0.352953 0.687141 0.006101 0.023503 0.354004 0.687174 2
0 0.584705 0.877088 0.010100 0.019162 0.586719 0.874414 2
0 0.565727 0.745419 0.028438 0.016441 0.567139 0.745638 2
0 0.473407 0.483008 0.024865 0.050307 0.474414 0.486849 2
0 0.580639 0.443092 0.034973 0.051847 0.581836 0.441081 2
0 0.525503 0.371033 0.014097 0.034272 0.526416 0.369271 2
0 0.709557 0.314168 0.024050 0.015487 0.710986 0.315755 2
0 0.588015 0.205742 0.030970 0.016557 0.587988 0.205469 2
0 0.778529 0.196409 0.012160 0.027847 0.776709 0.190690 2
0 0.843207 0.900565 0.025110 0.010307 0.842969 0.900846 2
0 0.956721 0.822340 0.028119 0.043346 0.955176 0.825260 2
0 0.698373 0.630176 0.022455 0.037886 0.699658 0.630339 2
0 0.432678 0.030163 0.041491 0.037947 0.436328 0.032227 2
