0 0.022883 0.775507 0.045767 0.028075 0.015283 0.779948 2
0 0.354415 0.969451 0.024502 0.025688 0.355176 0.972070 2
0 0.440525 0.848535 0.025646 0.056277 0.441744 0.845768 2
0 0.493810 0.642555 0.007916 0.038715 0.493945 0.642122 2
0 0.413976 0.430251 0.028689 0.051304 0.415430 0.434635 2
0 0.640608 0.347814 0.031297 0.065606 0.640874 0.344872 2
0 0.681679 0.432708 0.020416 0.023499 0.683846 0.434145 2
0 0.780574 0.502028 0.015158 0.035751 0.780902 0.507870 2
0 0.824638 0.536519 0.012494 0.041990 0.823822 0.535669 2
0 0.170607 0.498833 0.019571 0.009479 0.170264 0.498438 2
0 0.190781 0.414702 0.021649 0.025699 0.191016 0.417122 2
0 0.216333 0.096266 0.046914 0.056212 0.217383 0.096940 2
0 0.459946 0.168693 0.011880 0.047322 0.459080 0.167819 2
0 0.635845 0.967405 0.037419 0.010860 0.636133 0.970313 2
0 0.648137 0.710336 0.022714 0.009484 0.648926 0.710482 2
0 0.856319 0.638294 0.019073 0.036147 0.856378 0.636986 2
0 0.849775 0.685613 0.030117 0.034385 0.852201 0.686941 2
0 0.926767 0.675748 0.023108 0.055930 0.925033 0.678151 2
0 0.954199 0.789773 0.039428 0.030742 0.957714 0.788656 2
0 0.871652 0.064862 0.024635 0.055037 0.872987 0.061874 2
0 0.903076 0.088786 0.033993 0.032985 0.903395 0.089041 2
