0 0.359563 0.251743 0.034302 0.014291 0.357764 0.250521 2
0 0.300331 0.312365 0.009049 0.051455 0.300732 0.311914 2
0 0.402265 0.326633 0.027790 0.045402 0.403223 0.327865 2
0 0.386662 0.555489 0.032341 0.017946 0.386084 0.556641 2
0 0.570021 0.673810 0.039924 0.053446 0.569873 0.673763 2
0 0.653222 0.474732 0.036023 0.076866 0.652686 0.476042 2
0 0.760138 0.218223 0.014737 0.052509 0.759814 0.217904 2
0 0.906036 0.906543 0.020107 0.070506 0.909863 0.897786 2
0 0.081498 0.032525 0.026283 0.034893 0.082471 0.032682 2
0 0.843378 0.099805 0.018748 0.072197 0.842822 0.097266 2
0 0.674233 0.942004 0.039869 0.030841 0.673754 0.942980 2
0 0.915970 0.952888 0.069149 0.056117 0.918697 0.951699 2
