0 0.574253 0.242188 0.175233 0.141599 0.571754 0.252356 2
0 0.517039 0.537299 0.101201 0.240259 0.503860 0.524554 2
0 0.670646 0.406502 0.031760 0.042980 0.670340 0.403646 2
0 0.714937 0.830378 0.043765 0.126417 0.713123 0.819072 2
0 0.364161 0.943337 0.082161 0.112024 0.348075 0.960441 2
0 0.122087 0.938069 0.051590 0.122561 0.122341 0.970248 2
0 0.104736 0.773112 0.088781 0.146485 0.108612 0.749971 2
0 0.159722 0.787358 0.046130 0.028193 0.150989 0.781333 2
0 0.103263 0.672088 0.091362 0.108320 0.091477 0.690890 2
0 0.225779 0.058111 0.026858 0.116222 0.222517 0.053323 2
0 0.312894 0.072267 0.116023 0.144533 0.310872 0.081845 2
0 0.877936 0.505916 0.046978 0.139400 0.880534 0.505332 2
