0 0.477623 0.003838 0.013276 0.007677 0.476503 0.000559 2
0 0.233478 0.122346 0.009986 0.019878 0.233449 0.122459 2
0 0.823363 0.086354 0.113601 0.172708 0.842514 0.034178 2
0 0.950991 0.034336 0.024217 0.032289 0.950284 0.033108 2
0 0.814941 0.129232 0.147461 0.175195 0.801571 0.154222 2
0 0.697427 0.121697 0.104815 0.148845 0.700127 0.117945 2
0 0.641024 0.211273 0.180300 0.212872 0.629043 0.186985 2
0 0.721503 0.217180 0.023102 0.012608 0.720964 0.218002 2
0 0.890266 0.170378 0.033113 0.013470 0.891248 0.170893 2
0 0.872106 0.284827 0.105958 0.153640 0.882405 0.294215 2
0 0.600544 0.378877 0.027363 0.021737 0.600528 0.380208 2
0 0.176668 0.268410 0.015500 0.072234 0.177562 0.267309 2
0 0.208148 0.343211 0.010983 0.028324 0.208153 0.342610 2
0 0.149249 0.315809 0.022560 0.011065 0.149520 0.316202 2
0 0.131558 0.280629 0.013595 0.016280 0.131675 0.281428 2
0 0.120187 0.314006 0.010855 0.011472 0.118733 0.314111 2
0 0.191967 0.416734 0.022704 0.020950 0.191681 0.416865 2
0 0.203452 0.469517 0.087416 0.174541 0.210506 0.466020 2
0 0.091627 0.522227 0.016507 0.028918 0.090887 0.523019 2
0 0.133014 0.560807 0.008935 0.021844 0.132852 0.560670 2
0 0.193705 0.546105 0.023237 0.019008 0.193642 0.546028 2
0 0.224980 0.513315 0.022616 0.068906 0.229331 0.509685 2
0 0.282246 0.487071 0.018408 0.014824 0.281297 0.486414 2
0 0.252759 0.558619 0.014770 0.017267 0.251883 0.558055 2
0 0.248503 0.581865 0.025717 0.034928 0.249922 0.578711 2
0 0.128074 0.648152 0.024881 0.023534 0.128538 0.648260 2
0 0.089332 0.665116 0.028938 0.029959 0.088338 0.667346 2
0 0.170178 0.749918 0.022441 0.028746 0.170502 0.750230 2
0 0.169956 0.908268 0.018370 0.032317 0.169959 0.908727 2
0 0.317127 0.860240 0.025291 0.026406 0.316342 0.860042 2
0 0.282723 0.852175 0.017931 0.025838 0.281637 0.851971 2
0 0.335693 0.448242 0.102051 0.176632 0.327436 0.449121 2
0 0.664160 0.638060 0.015537 0.021937 0.663741 0.638272 2
0 0.628103 0.852425 0.191371 0.211361 0.609038 0.812345 2
0 0.552083 0.953743 0.014793 0.029112 0.552412 0.954739 2
0 0.416567 0.969511 0.027298 0.022157 0.417226 0.966576 2
0 0.401145 0.977668 0.006391 0.020610 0.401085 0.977068 2
0 0.519631 0.793228 0.027535 0.021684 0.519120 0.793055 2
0 0.457230 0.801030 0.035798 0.040231 0.455562 0.804354 2
0 0.530820 0.608051 0.056757 0.077724 0.515315 0.617060 2
0 0.868812 0.778660 0.017792 0.009886 0.868497 0.778881 2
0 0.929627 0.926491 0.005414 0.017006 0.929344 0.926654 2
