0 0.128193 0.594338 0.105175 0.164460 0.117105 0.587030 2
0 0.098392 0.733320 0.020820 0.038155 0.098484 0.732135 2
0 0.036299 0.203262 0.072599 0.115436 0.010851 0.225984 2
0 0.383283 0.078348 0.066397 0.115820 0.377797 0.084955 2
0 0.814545 0.390342 0.055194 0.125150 0.806905 0.377372 2
0 0.790674 0.379931 0.021802 0.034080 0.791996 0.378873 2
0 0.114545 0.165898 0.006817 0.019033 0.114122 0.166326 2
0 0.667731 0.541101 0.142770 0.203621 0.681525 0.549512 2
0 0.501033 0.861904 0.028174 0.060745 0.499398 0.866699 2
0 0.263828 0.606394 0.049473 0.054402 0.266486 0.606892 2
