0 0.062714 0.719739 0.047303 0.034530 0.058345 0.720295 2
0 0.118652 0.666667 0.038364 0.020833 0.115450 0.669536 2
0 0.540039 0.726237 0.052101 0.051432 0.540006 0.723605 2
0 0.764160 0.655599 0.009766 0.045573 0.762860 0.653367 2
0 0.456837 0.212019 0.045391 0.057733 0.456486 0.211149 2
0 0.798529 0.326445 0.022598 0.029521 0.799043 0.328566 2
0 0.973939 0.345451 0.012061 0.027423 0.974557 0.349260 2
0 0.969429 0.302667 0.013132 0.022834 0.970076 0.303341 2
0 0.489125 0.100698 0.015380 0.031998 0.490797 0.103521 2
0 0.484722 0.124393 0.031533 0.033277 0.485739 0.124636 2
0 0.462522 0.812408 0.008458 0.036397 0.462522 0.811126 2
