0 0.110568 0.134010 0.076599 0.059345 0.108380 0.130817 2
0 0.138020 0.060527 0.040770 0.061226 0.137586 0.064496 2
0 0.120600 0.340036 0.075561 0.075823 0.118876 0.330997 2
0 0.050954 0.547368 0.101907 0.057856 0.037192 0.568292 2
0 0.045488 0.617821 0.090976 0.150431 0.031259 0.618185 2
0 0.533736 0.929315 0.053682 0.129797 0.532774 0.930320 2
0 0.843034 0.896482 0.055847 0.120174 0.838977 0.901115 2
0 0.639497 0.743621 0.071458 0.140807 0.649597 0.738658 2
0 0.492508 0.616657 0.089256 0.048379 0.485315 0.615752 2
0 0.524190 0.687630 0.098513 0.159527 0.522278 0.688157 2
0 0.246054 0.785586 0.046136 0.035540 0.243456 0.785509 2
0 0.291013 0.778920 0.086499 0.087367 0.283614 0.774557 2
0 0.960678 0.889861 0.058069 0.218975 0.948498 0.891379 2
0 0.933087 0.887850 0.049767 0.161046 0.925225 0.893813 2
0 0.923340 0.467122 0.055664 0.168840 0.931157 0.471549 2
0 0.930924 0.350352 0.098750 0.050180 0.928875 0.351076 2
0 0.611084 0.349213 0.078496 0.098449 0.610352 0.348033 2
0 0.460536 0.322562 0.094243 0.184699 0.457935 0.324304 2
0 0.357490 0.269353 0.146773 0.101225 0.349326 0.274411 2
0 0.275903 0.271964 0.085762 0.131899 0.284070 0.278670 2
0 0.248238 0.373514 0.102879 0.140085 0.251214 0.379064 2
0 0.223947 0.390751 0.075883 0.130683 0.222465 0.388191 2
0 0.192324 0.409557 0.067798 0.023703 0.192803 0.408270 2
0 0.285489 0.390393 0.097765 0.095889 0.282245 0.385149 2
0 0.664891 0.057927 0.145479 0.097177 0.661461 0.055369 2
0 0.711426 0.057075 0.074213 0.114149 0.707551 0.051718 2
0 0.572068 0.190600 0.111072 0.047166 0.577495 0.201397 2
0 0.556434 0.138466 0.103277 0.083073 0.556047 0.144203 2
0 0.367143 0.114523 0.026782 0.134826 0.365755 0.114389 2
