0 0.052282 0.612919 0.053683 0.113843 0.050822 0.614719 2
0 0.130090 0.810951 0.175859 0.147316 0.124064 0.799859 2
0 0.162721 0.615545 0.051640 0.043990 0.165263 0.607259 2
0 0.418766 0.715818 0.200501 0.220161 0.424154 0.723904 2
0 0.358121 0.897503 0.010988 0.023359 0.358032 0.898193 2
0 0.490333 0.889411 0.154779 0.157160 0.485697 0.882595 2
0 0.627518 0.885516 0.108551 0.154177 0.636759 0.873779 2
0 0.783981 0.785297 0.175723 0.106284 0.776123 0.767985 2
0 0.878976 0.673278 0.059998 0.188287 0.876322 0.673041 2
0 0.838309 0.638652 0.076423 0.151853 0.828512 0.593018 2
0 0.948286 0.577509 0.102452 0.108767 0.952108 0.580811 2
0 0.942628 0.517682 0.113767 0.088856 0.933289 0.519775 2
0 0.948029 0.350273 0.102965 0.189701 0.963806 0.322428 2
0 0.765853 0.435020 0.111983 0.152008 0.766459 0.416694 2
0 0.810588 0.370891 0.186249 0.246223 0.791890 0.354302 2
0 0.732178 0.127279 0.020996 0.167318 0.729838 0.129829 2
0 0.831490 0.209647 0.060239 0.107807 0.829529 0.208496 2
0 0.954770 0.119441 0.089483 0.208567 0.950073 0.120334 2
0 0.959205 0.031933 0.080613 0.063867 0.916504 0.002333 2
0 0.269575 0.542887 0.134933 0.169533 0.258850 0.555718 2
