0 0.143406 0.365144 0.025679 0.016781 0.142285 0.365885 2
0 0.278180 0.419184 0.012574 0.040353 0.277881 0.418620 2
0 0.430834 0.417002 0.013702 0.025188 0.431055 0.419727 2
0 0.448451 0.611514 0.055597 0.024785 0.448008 0.613190 2
0 0.628821 0.621132 0.017467 0.031904 0.627490 0.617708 2
0 0.667842 0.535281 0.019728 0.013832 0.666748 0.535677 2
0 0.559580 0.443219 0.014305 0.021188 0.559229 0.443815 2
0 0.710679 0.437784 0.009789 0.018871 0.709180 0.442383 2
0 0.787899 0.258657 0.022497 0.046832 0.786621 0.258984 2
0 0.820552 0.123648 0.026521 0.008433 0.821045 0.125130 2
0 0.923167 0.145870 0.038337 0.034946 0.922607 0.147396 2
0 0.865283 0.051057 0.020248 0.013701 0.866357 0.051042 2
0 0.852121 0.960081 0.038809 0.018026 0.853613 0.961654 2
0 0.882134 0.868206 0.024406 0.046514 0.882764 0.866081 2
0 0.818592 0.589431 0.041054 0.021588 0.819717 0.589875 2
0 0.831171 0.608176 0.035578 0.054825 0.832038 0.606507 2
0 0.818449 0.577423 0.022933 0.014220 0.816357 0.576432 2
0 0.030663 0.928886 0.006727 0.018315 0.029102 0.927539 2
0 0.058703 0.912436 0.028160 0.011916 0.058643 0.914388 2
0 0.086308 0.880680 0.026239 0.007929 0.086426 0.883333 2
0 0.325493 0.917595 0.040777 0.035493 0.324609 0.919010 2
0 0.316047 0.794986 0.013802 0.053832 0.315088 0.792708 2
0 0.313956 0.732989 0.033322 0.009675 0.314551 0.734310 2
0 0.083991 0.267481 0.013267 0.019799 0.084424 0.268294 2
0 0.196025 0.165706 0.019064 0.006882 0.196060 0.166901 2
0 0.133193 0.710121 0.018508 0.026391 0.130566 0.715169 2
