0 0.196850 0.178550 0.039419 0.057946 0.196856 0.176692 2
0 0.467767 0.062290 0.022593 0.046951 0.468326 0.061028 2
0 0.663205 0.182673 0.042859 0.023895 0.663276 0.179845 2
0 0.359617 0.360429 0.031293 0.021048 0.359174 0.361074 2
0 0.030078 0.017969 0.057031 0.023437 0.027236 0.020085 2
0 0.074791 0.389663 0.038631 0.015908 0.076422 0.390492 2
0 0.118852 0.556651 0.015657 0.055499 0.120326 0.557571 2
0 0.228066 0.926449 0.026980 0.051432 0.228130 0.925962 2
0 0.268850 0.975504 0.017675 0.047689 0.271078 0.986569 2
0 0.383590 0.985397 0.022532 0.018318 0.383252 0.986263 2
0 0.540968 0.983433 0.046157 0.031833 0.542101 0.987172 2
0 0.502419 0.905233 0.039121 0.046890 0.502615 0.907048 2
0 0.620248 0.856819 0.015760 0.076407 0.620158 0.855482 2
0 0.615922 0.738737 0.027426 0.044553 0.616064 0.737695 2
0 0.659866 0.680112 0.027958 0.019611 0.660246 0.681231 2
0 0.642566 0.444308 0.016589 0.021811 0.643295 0.444878 2
0 0.983243 0.347343 0.032537 0.023835 0.989502 0.350260 2
0 0.960005 0.564699 0.052014 0.065320 0.960059 0.567318 2
