0 0.030683 0.433648 0.061365 0.088103 0.010530 0.449360 2
0 0.026690 0.178232 0.053379 0.208614 0.001507 0.169129 2
0 0.040216 0.279870 0.080432 0.147625 0.011591 0.320567 2
0 0.093745 0.322941 0.187490 0.220499 0.088549 0.365857 2
0 0.191015 0.077304 0.035980 0.066177 0.192574 0.072888 2
0 0.294152 0.106107 0.035405 0.047518 0.296599 0.105440 2
0 0.315252 0.195977 0.152922 0.126291 0.311460 0.195312 2
0 0.416664 0.171742 0.056830 0.119331 0.412831 0.171960 2
0 0.442654 0.060041 0.089410 0.120082 0.430876 0.044582 2
0 0.500711 0.157554 0.013927 0.096351 0.501996 0.156392 2
0 0.599502 0.053694 0.043433 0.107388 0.606551 0.015568 2
0 0.621879 0.206182 0.198837 0.278971 0.633088 0.203097 2
0 0.778106 0.129571 0.084366 0.018257 0.779042 0.128085 2
0 0.743037 0.151123 0.089872 0.137300 0.732868 0.160637 2
0 0.853393 0.282378 0.085793 0.042805 0.851223 0.278816 2
0 0.724763 0.163402 0.012317 0.024954 0.723958 0.163773 2
0 0.658217 0.610308 0.045536 0.179376 0.661748 0.609290 2
0 0.844449 0.465856 0.026972 0.021564 0.843796 0.466234 2
0 0.862291 0.799488 0.128685 0.102211 0.854407 0.784081 2
0 0.964790 0.714905 0.069444 0.178263 0.975865 0.740823 2
0 0.221192 0.632012 0.032369 0.182172 0.218049 0.638304 2
0 0.498958 0.680730 0.157074 0.212968 0.507303 0.694916 2
0 0.525068 0.725613 0.047192 0.186787 0.521633 0.723930 2
0 0.433061 0.836524 0.029526 0.209506 0.430346 0.835739 2
0 0.501263 0.881641 0.193203 0.234335 0.492442 0.893767 2
0 0.191122 0.926758 0.176683 0.145182 0.199474 0.925611 2
0 0.345405 0.893254 0.163463 0.212190 0.315706 0.930565 2
0 0.309635 0.842868 0.109039 0.126688 0.301376 0.825125 2
0 0.362745 0.920835 0.108816 0.157029 0.358165 0.953918 2
