0 0.160609 0.098392 0.041719 0.196784 0.172063 0.094801 2
0 0.018820 0.038722 0.017214 0.077444 0.020725 0.005106 2
0 0.174004 0.221768 0.060531 0.090126 0.174006 0.220526 2
0 0.150719 0.212791 0.053946 0.056556 0.150923 0.209478 2
0 0.079043 0.316440 0.140630 0.113349 0.084687 0.324379 2
0 0.035022 0.451015 0.070043 0.209680 0.011016 0.443165 2
0 0.124268 0.583659 0.081590 0.212891 0.126662 0.580227 2
0 0.110519 0.893630 0.108294 0.211438 0.131802 0.896610 2
0 0.248037 0.836201 0.119993 0.073664 0.251615 0.824219 2
0 0.353924 0.862473 0.108411 0.054809 0.354526 0.861202 2
0 0.438017 0.753095 0.064950 0.111496 0.445330 0.766402 2
0 0.500831 0.785042 0.095413 0.112974 0.503581 0.790387 2
0 0.379781 0.651477 0.210535 0.246857 0.382795 0.620203 2
0 0.471547 0.420347 0.166281 0.253454 0.465889 0.403189 2
0 0.508886 0.164835 0.086574 0.116071 0.509577 0.179322 2
0 0.380088 0.166648 0.146901 0.202553 0.396502 0.157621 2
0 0.429064 0.251995 0.025972 0.157912 0.434193 0.245568 2
0 0.594272 0.869368 0.194226 0.259961 0.618370 0.832648 2
0 0.664665 0.695700 0.081651 0.157026 0.665485 0.697871 2
0 0.745129 0.368256 0.028690 0.080532 0.747721 0.371208 2
0 0.672812 0.065741 0.102870 0.131483 0.663771 0.022844 2
0 0.930856 0.392335 0.108198 0.131262 0.931898 0.388341 2
0 0.924072 0.812046 0.145919 0.170965 0.925901 0.796098 2
0 0.208670 0.922852 0.198603 0.152995 0.229458 0.994837 2
0 0.180236 0.842295 0.044273 0.197310 0.181486 0.844070 2
0 0.159146 0.850702 0.117460 0.207205 0.147221 0.857776 2
