0 0.120436 0.815226 0.014045 0.049001 0.121143 0.814974 2
0 0.424403 0.637701 0.018349 0.006695 0.426562 0.637695 2
0 0.291709 0.583836 0.016032 0.022910 0.289648 0.586589 2
0 0.088003 0.169466 0.004237 0.024219 0.088281 0.169401 2
0 0.409636 0.203272 0.018002 0.046203 0.408789 0.197917 2
0 0.566790 0.109142 0.036182 0.056987 0.566992 0.107617 2
0 0.184170 0.253891 0.035811 0.030765 0.184874 0.252951 2
0 0.262090 0.257658 0.025386 0.011236 0.260449 0.256836 2
0 0.631587 0.592816 0.018242 0.016889 0.632373 0.591602 2
0 0.574767 0.545018 0.007011 0.033768 0.575146 0.541862 2
0 0.858768 0.441799 0.020895 0.033979 0.859668 0.439258 2
0 0.858515 0.081408 0.023553 0.033376 0.858887 0.082747 2
0 0.756862 0.158644 0.042253 0.012953 0.759814 0.159505 2
