0 0.970841 0.309718 0.042813 0.087313 0.966099 0.321615 2
0 0.851558 0.348154 0.104922 0.099865 0.853795 0.354167 2
0 0.796454 0.269507 0.085626 0.101987 0.795201 0.264881 2
0 0.804020 0.493828 0.069969 0.144651 0.791713 0.487165 2
0 0.918413 0.514591 0.110911 0.097243 0.919364 0.518787 2
0 0.938440 0.651698 0.109151 0.148341 0.944475 0.641555 2
0 0.782389 0.789015 0.117291 0.120997 0.783343 0.771763 2
0 0.763599 0.874661 0.079395 0.149137 0.778460 0.860119 2
0 0.524178 0.039936 0.098770 0.079872 0.516881 0.003534 2
0 0.527005 0.189758 0.145957 0.171951 0.518973 0.177455 2
0 0.636902 0.422338 0.119064 0.198276 0.648717 0.430432 2
0 0.707928 0.428029 0.085777 0.091731 0.713588 0.436012 2
0 0.558644 0.484718 0.104752 0.094733 0.553850 0.484375 2
0 0.594741 0.593495 0.090343 0.168104 0.595703 0.585751 2
0 0.626291 0.673216 0.111261 0.058939 0.625698 0.664807 2
0 0.508879 0.747226 0.156351 0.093411 0.505022 0.722470 2
0 0.535611 0.831055 0.128077 0.097579 0.536412 0.819196 2
0 0.519612 0.948167 0.146030 0.102363 0.518276 0.972656 2
0 0.595840 0.922809 0.077997 0.029768 0.595703 0.924293 2
0 0.604552 0.874563 0.065725 0.077751 0.597796 0.880580 2
0 0.412887 0.527642 0.070977 0.130657 0.405273 0.519717 2
0 0.387168 0.631345 0.067588 0.077240 0.389230 0.636905 2
0 0.347930 0.731954 0.152012 0.241840 0.322963 0.734561 2
0 0.260487 0.606599 0.112197 0.152952 0.255301 0.607143 2
0 0.216255 0.703588 0.039520 0.052693 0.215541 0.707589 2
0 0.135069 0.788551 0.152663 0.193818 0.145787 0.813616 2
0 0.094694 0.883186 0.141730 0.135757 0.101144 0.904762 2
0 0.393767 0.917468 0.111112 0.109829 0.395508 0.900112 2
0 0.368908 0.933177 0.107326 0.132343 0.366211 0.979167 2
0 0.307614 0.074660 0.115554 0.070187 0.306920 0.063988 2
0 0.072995 0.161205 0.082165 0.168053 0.087891 0.164435 2
