0 0.217897 0.116719 0.032662 0.072676 0.219822 0.118140 2
0 0.404579 0.792124 0.018129 0.030146 0.406012 0.793921 2
0 0.640637 0.507563 0.034595 0.012970 0.641684 0.507153 2
0 0.715140 0.584680 0.022164 0.043124 0.714900 0.583482 2
0 0.800920 0.574471 0.035846 0.041389 0.802635 0.574012 2
0 0.856151 0.689590 0.025752 0.011494 0.856006 0.687956 2
0 0.929031 0.939160 0.006293 0.024023 0.930105 0.940398 2
0 0.984335 0.712306 0.030354 0.061918 0.997559 0.706315 2
0 0.876993 0.374766 0.059002 0.063726 0.877678 0.376072 2
0 0.170292 0.540975 0.065304 0.088934 0.171367 0.539679 2
0 0.712691 0.690569 0.084355 0.139380 0.712608 0.687613 2
0 0.171983 0.075664 0.038688 0.026791 0.170364 0.076595 2
0 0.502609 0.971193 0.024018 0.056311 0.501527 0.970786 2
