0 0.185458 0.115690 0.031526 0.038896 0.185511 0.116104 2
0 0.237451 0.743251 0.035382 0.028455 0.237744 0.742513 2
0 0.217947 0.805632 0.029311 0.038216 0.218457 0.805729 2
0 0.555832 0.503400 0.022890 0.030760 0.561963 0.510156 2
0 0.487248 0.290111 0.039864 0.028368 0.487451 0.290430 2
0 0.664936 0.898332 0.026537 0.029750 0.665918 0.899089 2
0 0.705145 0.668207 0.017115 0.012396 0.704898 0.667836 2
0 0.765238 0.236629 0.008137 0.031190 0.765363 0.234308 2
0 0.972606 0.357054 0.022510 0.088662 0.972998 0.358984 2
0 0.812719 0.051513 0.011956 0.016383 0.814648 0.053451 2
