0 0.412149 0.054999 0.248724 0.109998 0.412157 0.025188 2
0 0.052930 0.073923 0.105859 0.147845 0.031281 0.012917 2
0 0.704720 0.094203 0.120816 0.150541 0.703618 0.099061 2
0 0.939654 0.451298 0.076332 0.024072 0.938706 0.446429 2
0 0.800404 0.568599 0.127707 0.082663 0.794678 0.565755 2
0 0.743408 0.895480 0.160645 0.207737 0.746253 0.903168 2
0 0.609942 0.851799 0.013210 0.031824 0.608911 0.851264 2
0 0.047764 0.922753 0.095528 0.153192 0.014787 0.957656 2
0 0.018121 0.845561 0.036242 0.091100 0.005611 0.840289 2
0 0.004593 0.287598 0.007398 0.028058 0.004936 0.287543 2
