0 0.063705 0.724604 0.127410 0.112052 0.052795 0.744629 2
0 0.319987 0.778488 0.078421 0.021701 0.322571 0.783691 2
0 0.434739 0.730927 0.130632 0.111245 0.432434 0.724284 2
0 0.294986 0.587963 0.024110 0.052595 0.293884 0.588379 2
0 0.126390 0.484567 0.107623 0.145450 0.124207 0.490723 2
0 0.150583 0.490379 0.075704 0.113671 0.154114 0.487467 2
0 0.225424 0.465574 0.075670 0.040689 0.226746 0.469564 2
0 0.387383 0.405058 0.094397 0.072403 0.390930 0.401204 2
0 0.479361 0.248039 0.081009 0.056340 0.478210 0.246582 2
0 0.312775 0.215509 0.070317 0.055550 0.309753 0.221354 2
0 0.238820 0.147878 0.166396 0.143980 0.232849 0.174154 2
0 0.131957 0.142082 0.103296 0.068953 0.134583 0.149740 2
0 0.256696 0.045560 0.031497 0.091120 0.263977 0.032552 2
0 0.945064 0.043954 0.108896 0.087909 0.948792 0.043132 2
0 0.869530 0.088752 0.093441 0.019963 0.869446 0.088704 2
0 0.559595 0.032238 0.059798 0.064477 0.560118 0.030964 2
0 0.748380 0.095117 0.027599 0.093798 0.745544 0.096842 2
0 0.804676 0.075936 0.067445 0.068458 0.799866 0.078125 2
0 0.667528 0.262431 0.094822 0.091202 0.654602 0.268555 2
0 0.717625 0.290960 0.025924 0.058003 0.717468 0.288900 2
0 0.589363 0.515621 0.042516 0.087853 0.586853 0.516764 2
0 0.657323 0.476978 0.061470 0.155008 0.647888 0.480143 2
0 0.818780 0.398023 0.027561 0.150358 0.810852 0.393880 2
0 0.936558 0.394643 0.088937 0.102462 0.938416 0.401204 2
0 0.854853 0.560771 0.057126 0.090818 0.854187 0.563965 2
0 0.809108 0.849532 0.065253 0.126041 0.809631 0.846354 2
0 0.625291 0.869782 0.068663 0.180736 0.603943 0.861816 2
0 0.561792 0.825264 0.112202 0.074945 0.556946 0.838216 2
0 0.690277 0.759001 0.016899 0.079032 0.688782 0.759277 2
0 0.635383 0.711516 0.082964 0.071710 0.630188 0.721842 2
0 0.475971 0.641711 0.118074 0.163817 0.473938 0.638835 2
