0 0.198135 0.174184 0.064696 0.084384 0.200893 0.171131 2
0 0.108997 0.135668 0.113441 0.125416 0.119978 0.149740 2
0 0.063217 0.146177 0.087241 0.211752 0.083008 0.144159 2
0 0.078681 0.042014 0.143990 0.084027 0.075335 0.015811 2
0 0.218206 0.468437 0.103405 0.192082 0.206473 0.472470 2
0 0.148926 0.568034 0.073588 0.042318 0.150670 0.567336 2
0 0.482299 0.432382 0.067402 0.135174 0.489676 0.436198 2
0 0.584486 0.350609 0.023900 0.112494 0.587333 0.347842 2
0 0.784810 0.481237 0.031975 0.120442 0.789621 0.469680 2
0 0.651042 0.742490 0.152297 0.198754 0.657785 0.734747 2
0 0.440447 0.823000 0.062085 0.171621 0.452706 0.810082 2
0 0.508326 0.858407 0.152491 0.147718 0.523856 0.849144 2
0 0.576369 0.849278 0.193385 0.143358 0.570592 0.864025 2
0 0.257536 0.919611 0.053458 0.159475 0.253906 0.926339 2
0 0.310677 0.909844 0.067320 0.073187 0.319475 0.920759 2
0 0.222122 0.874445 0.119795 0.140037 0.224609 0.880766 2
0 0.785129 0.169799 0.128541 0.224247 0.809849 0.161830 2
0 0.860981 0.223117 0.152713 0.234579 0.870536 0.239025 2
0 0.928731 0.342242 0.139074 0.284332 0.936105 0.327381 2
0 0.955048 0.674389 0.047792 0.153981 0.961914 0.672433 2
