0 0.641971 0.052472 0.045821 0.047417 0.644918 0.053582 2
0 0.594103 0.083310 0.068629 0.036506 0.581466 0.082105 2
0 0.557485 0.310034 0.149997 0.230649 0.568933 0.297777 2
0 0.719308 0.315182 0.125090 0.116947 0.718477 0.318131 2
0 0.815007 0.854815 0.033639 0.086917 0.820571 0.838099 2
0 0.896094 0.899097 0.072509 0.039457 0.895419 0.897210 2
0 0.961190 0.830863 0.076643 0.120468 0.945554 0.844679 2
0 0.167114 0.091471 0.139030 0.125651 0.167078 0.115121 2
0 0.184863 0.498053 0.149307 0.166674 0.178867 0.515395 2
0 0.425701 0.730910 0.034301 0.149806 0.432806 0.731858 2
0 0.339643 0.818615 0.052878 0.037131 0.329300 0.805728 2
0 0.324675 0.789661 0.067269 0.099257 0.322363 0.779818 2
0 0.540696 0.717374 0.038599 0.041560 0.539919 0.716727 2
0 0.447107 0.983171 0.040729 0.032355 0.453017 0.982411 2
