0 0.941254 0.966124 0.087100 0.066449 0.950073 0.998942 2
0 0.807250 0.835052 0.103757 0.043996 0.806641 0.845676 2
0 0.881418 0.718577 0.119874 0.169749 0.868184 0.728353 2
0 0.926247 0.727528 0.146528 0.201694 0.921590 0.741238 2
0 0.625525 0.734840 0.156603 0.302804 0.605733 0.754123 2
0 0.690926 0.598957 0.131568 0.258219 0.661682 0.585938 2
0 0.664480 0.437562 0.089625 0.195160 0.664225 0.440809 2
0 0.522516 0.377970 0.163282 0.146162 0.517741 0.406901 2
0 0.962048 0.437161 0.074927 0.029801 0.997375 0.438775 2
0 0.788186 0.201213 0.092734 0.099829 0.773071 0.235324 2
0 0.328086 0.146271 0.137346 0.169039 0.331839 0.150339 2
0 0.320111 0.234390 0.054502 0.203351 0.318668 0.224866 2
0 0.377755 0.330715 0.061700 0.144578 0.371672 0.338370 2
0 0.107186 0.234176 0.053239 0.201885 0.111348 0.235324 2
0 0.144116 0.174768 0.047548 0.067534 0.140340 0.170220 2
0 0.376208 0.555772 0.077572 0.204237 0.363351 0.547294 2
0 0.333050 0.596102 0.136540 0.074748 0.332659 0.597052 2
0 0.446721 0.816050 0.088754 0.173354 0.454163 0.813802 2
0 0.349807 0.861134 0.037504 0.189351 0.343282 0.866699 2
0 0.113992 0.792618 0.152164 0.125475 0.106771 0.782606 2
0 0.045244 0.761741 0.090489 0.124079 0.021830 0.747342 2
