0 0.124029 0.115348 0.167419 0.097361 0.124949 0.099370 2
0 0.132832 0.081201 0.097009 0.126675 0.136085 0.083379 2
0 0.446447 0.110478 0.063326 0.123609 0.450304 0.113674 2
0 0.357349 0.171285 0.021921 0.060397 0.358073 0.169478 2
0 0.307362 0.223182 0.103263 0.057040 0.306410 0.227096 2
0 0.152972 0.237751 0.037943 0.087368 0.153218 0.237573 2
0 0.150770 0.298866 0.066485 0.100472 0.152685 0.299686 2
0 0.233628 0.284862 0.075344 0.063887 0.234065 0.285218 2
0 0.175384 0.526582 0.179721 0.110964 0.179588 0.509236 2
0 0.128418 0.536784 0.131298 0.083984 0.131174 0.545650 2
0 0.176139 0.619278 0.140142 0.140242 0.168416 0.633375 2
0 0.383590 0.625375 0.123312 0.142052 0.394500 0.611772 2
0 0.367002 0.524498 0.113455 0.039039 0.369521 0.523029 2
0 0.492627 0.410377 0.190807 0.237443 0.483631 0.380291 2
0 0.475187 0.307365 0.094399 0.253672 0.487506 0.315187 2
0 0.499844 0.270929 0.048708 0.212888 0.504557 0.276951 2
0 0.647075 0.182798 0.178846 0.172870 0.641741 0.193246 2
0 0.583047 0.136068 0.028822 0.161811 0.586713 0.143643 2
0 0.651111 0.141784 0.182485 0.119245 0.641741 0.138476 2
0 0.647593 0.110892 0.137683 0.221785 0.646391 0.102307 2
0 0.705722 0.095870 0.078238 0.118311 0.683594 0.137442 2
0 0.033105 0.745160 0.066209 0.067585 0.016276 0.754382 2
0 0.147199 0.902502 0.138533 0.092545 0.137184 0.917659 2
0 0.358275 0.866863 0.180465 0.079796 0.358073 0.865989 2
0 0.337866 0.741264 0.051709 0.037511 0.336467 0.741350 2
0 0.703944 0.820061 0.099432 0.100408 0.707620 0.827753 2
0 0.773721 0.770106 0.045542 0.096024 0.763424 0.759549 2
0 0.657493 0.642302 0.103415 0.107521 0.668093 0.642774 2
0 0.791844 0.474420 0.178223 0.140363 0.818452 0.491898 2
0 0.713698 0.510715 0.027205 0.065457 0.716146 0.510499 2
0 0.738453 0.533290 0.051358 0.158999 0.738622 0.546668 2
0 0.760407 0.579751 0.111286 0.144096 0.761099 0.589038 2
0 0.816997 0.660584 0.144989 0.199419 0.807602 0.671710 2
0 0.897637 0.725056 0.067361 0.059951 0.898282 0.726480 2
0 0.956676 0.621488 0.055193 0.180998 0.961062 0.624173 2
0 0.978148 0.555603 0.042727 0.097981 0.989698 0.553957 2
0 0.928794 0.408369 0.141436 0.256281 0.937035 0.412326 2
0 0.936965 0.480097 0.125093 0.033361 0.943235 0.482598 2
0 0.966335 0.432134 0.066354 0.152517 0.977338 0.435061 2
0 0.966934 0.044406 0.065155 0.030822 0.994389 0.052703 2
0 0.803542 0.960690 0.159650 0.077318 0.803726 0.984830 2
0 0.898667 0.935221 0.164732 0.128255 0.911458 0.943494 2
