0 0.152736 0.892263 0.053348 0.119357 0.152344 0.893625 2
0 0.190883 0.825407 0.059479 0.136929 0.185887 0.825125 2
0 0.243076 0.912333 0.120840 0.174032 0.236413 0.895324 2
0 0.328217 0.742391 0.019531 0.090572 0.323879 0.739640 2
0 0.389057 0.590573 0.134389 0.151917 0.395635 0.605469 2
0 0.156341 0.595753 0.066744 0.157972 0.157863 0.595279 2
0 0.098581 0.555291 0.111105 0.182853 0.106912 0.549989 2
0 0.052124 0.645129 0.104248 0.151021 0.040676 0.624717 2
0 0.075487 0.151042 0.150975 0.119792 0.071247 0.126529 2
0 0.087590 0.233064 0.152987 0.127921 0.082286 0.222769 2
0 0.080805 0.275114 0.082467 0.066184 0.091627 0.256737 2
0 0.120650 0.325810 0.146085 0.078386 0.110734 0.341089 2
0 0.078133 0.030924 0.096793 0.061849 0.096298 0.006510 2
0 0.339162 0.047468 0.046601 0.063489 0.340438 0.046705 2
0 0.276896 0.157636 0.090802 0.050098 0.277174 0.149740 2
0 0.251812 0.138010 0.018686 0.045018 0.253397 0.136153 2
0 0.479211 0.147384 0.114658 0.122892 0.478006 0.118603 2
0 0.462487 0.198917 0.149226 0.165237 0.467816 0.218807 2
0 0.597557 0.230950 0.135130 0.126695 0.596892 0.232960 2
0 0.543530 0.270601 0.081692 0.152322 0.541695 0.266361 2
0 0.453961 0.420536 0.096244 0.192319 0.464419 0.416950 2
0 0.310406 0.416382 0.110252 0.150813 0.320058 0.419780 2
0 0.639156 0.620371 0.039074 0.171136 0.637653 0.616791 2
0 0.745159 0.624415 0.085722 0.134214 0.734460 0.636039 2
0 0.714146 0.045085 0.041565 0.068910 0.714079 0.046705 2
0 0.870496 0.115624 0.105815 0.078755 0.863536 0.103884 2
0 0.817084 0.135592 0.086263 0.141520 0.825747 0.131058 2
0 0.802008 0.166578 0.123092 0.118044 0.807490 0.158798 2
0 0.829154 0.222155 0.126510 0.135096 0.823624 0.218807 2
0 0.825962 0.262590 0.124044 0.159263 0.819803 0.268625 2
0 0.904154 0.203526 0.076471 0.158505 0.908118 0.198426 2
0 0.806832 0.849690 0.013387 0.042953 0.808339 0.849468 2
