0 0.878418 0.484375 0.114300 0.036458 0.878504 0.489884 2
0 0.758869 0.574268 0.011533 0.039208 0.757641 0.574610 2
0 0.482602 0.508036 0.057156 0.090685 0.479880 0.512531 2
0 0.730520 0.395586 0.012865 0.007551 0.730912 0.395994 2
0 0.650579 0.414093 0.009426 0.024225 0.650407 0.413191 2
0 0.492473 0.278834 0.109504 0.189179 0.481639 0.264725 2
0 0.375463 0.241141 0.135896 0.075010 0.376443 0.240550 2
0 0.906893 0.200341 0.071713 0.076219 0.904596 0.195506 2
0 0.978305 0.228361 0.042413 0.081720 0.991480 0.224045 2
0 0.994134 0.352974 0.010756 0.020001 0.995620 0.352232 2
0 0.990865 0.987967 0.017292 0.016873 0.994395 0.987602 2
