0 0.071431 0.727337 0.035201 0.078352 0.071678 0.728648 2
0 0.093186 0.697832 0.041965 0.055090 0.092888 0.697569 2
0 0.243270 0.747153 0.025201 0.038959 0.241943 0.746029 2
0 0.246524 0.732518 0.017079 0.031820 0.244385 0.731510 2
0 0.309076 0.633722 0.053294 0.046894 0.307832 0.633971 2
0 0.178670 0.592358 0.033583 0.037439 0.178143 0.593402 2
0 0.043988 0.442872 0.023669 0.013716 0.046289 0.443685 2
0 0.040176 0.292852 0.024279 0.032993 0.040047 0.292090 2
0 0.175781 0.330404 0.040220 0.035807 0.177380 0.329086 2
0 0.269153 0.310132 0.016282 0.041022 0.270703 0.306836 2
0 0.159464 0.311056 0.020281 0.023592 0.154639 0.307552 2
0 0.186154 0.012403 0.026461 0.024806 0.189062 0.001042 2
0 0.511987 0.017379 0.035350 0.028797 0.512061 0.017057 2
0 0.560130 0.141262 0.028066 0.035056 0.562500 0.138932 2
0 0.241241 0.472704 0.014421 0.029874 0.240739 0.471653 2
0 0.795156 0.624068 0.014453 0.031213 0.796387 0.624609 2
0 0.878386 0.751530 0.027105 0.037868 0.879248 0.751758 2
0 0.636780 0.852709 0.014489 0.010978 0.637012 0.853060 2
0 0.838095 0.098095 0.005105 0.016468 0.837939 0.098047 2
0 0.874980 0.152553 0.023836 0.021553 0.873001 0.151708 2
0 0.947671 0.250395 0.007463 0.039091 0.946107 0.251060 2
0 0.030426 0.937822 0.022907 0.056562 0.030230 0.935571 2
0 0.178053 0.928932 0.038236 0.032077 0.175954 0.928861 2
0 0.525361 0.690823 0.026840 0.019822 0.524121 0.686849 2
0 0.890717 0.926684 0.043716 0.015747 0.891501 0.928057 2
0 0.919993 0.994625 0.040968 0.009448 0.920371 0.996391 2
0 0.441018 0.489742 0.025979 0.073694 0.443167 0.490244 2
