0 0.016869 0.675270 0.033739 0.022714 0.015918 0.677344 2
0 0.162429 0.635551 0.013971 0.015882 0.165918 0.635547 2
0 0.231031 0.614121 0.003480 0.008586 0.231250 0.614323 2
0 0.177530 0.791150 0.021480 0.007871 0.186745 0.791303 2
0 0.524202 0.887304 0.007977 0.043982 0.524365 0.885221 2
0 0.747472 0.305836 0.026698 0.046109 0.747217 0.306055 2
0 0.263430 0.155449 0.024454 0.030369 0.266502 0.158326 2
0 0.625782 0.104514 0.024783 0.014489 0.626221 0.104492 2
0 0.896070 0.383689 0.040901 0.053299 0.898910 0.385585 2
0 0.954678 0.783706 0.024750 0.020739 0.955199 0.784242 2
