0 0.722412 0.090169 0.175321 0.156901 0.715960 0.071429 2
0 0.798943 0.063883 0.152280 0.065742 0.802455 0.070499 2
0 0.940160 0.208818 0.098743 0.067292 0.941132 0.209567 2
0 0.779543 0.319874 0.062624 0.158937 0.779436 0.353237 2
0 0.621504 0.548478 0.117192 0.161880 0.621094 0.556920 2
0 0.531255 0.430280 0.193684 0.240456 0.510882 0.460193 2
0 0.934389 0.676597 0.130245 0.133496 0.909877 0.650856 2
0 0.365599 0.866714 0.105222 0.130946 0.363700 0.864769 2
0 0.521122 0.751150 0.116936 0.144835 0.518555 0.755022 2
0 0.423173 0.926873 0.102511 0.144952 0.422991 0.983817 2
0 0.552566 0.925494 0.088832 0.147710 0.577846 0.975446 2
0 0.290158 0.628076 0.159297 0.263643 0.278599 0.620164 2
0 0.317692 0.539057 0.112746 0.145717 0.321847 0.549479 2
0 0.372803 0.107313 0.072754 0.190755 0.365792 0.102121 2
0 0.402995 0.256945 0.162983 0.141493 0.406250 0.249070 2
0 0.297507 0.409454 0.078042 0.096252 0.296038 0.411830 2
0 0.095434 0.191391 0.032526 0.109094 0.100028 0.190476 2
0 0.031566 0.825789 0.059214 0.133655 0.037249 0.829427 2
