0 0.329582 0.077386 0.132041 0.154772 0.340271 0.064046 2
0 0.121582 0.099284 0.051836 0.125651 0.114950 0.100667 2
0 0.192761 0.169491 0.147681 0.157432 0.194295 0.169162 2
0 0.409363 0.139507 0.026560 0.122764 0.408936 0.140679 2
0 0.462211 0.166427 0.040942 0.163042 0.453186 0.165093 2
0 0.488052 0.101180 0.117657 0.090815 0.489299 0.106093 2
0 0.724075 0.176612 0.078310 0.236721 0.725301 0.177979 2
0 0.533468 0.380768 0.116045 0.210825 0.539653 0.377360 2
0 0.384392 0.337406 0.093939 0.061641 0.382487 0.344130 2
0 0.289773 0.435581 0.066182 0.060795 0.286357 0.438395 2
0 0.049158 0.443477 0.098316 0.050183 0.060018 0.430257 2
0 0.062940 0.551646 0.120020 0.150751 0.030009 0.548258 2
0 0.040181 0.907875 0.080362 0.039708 0.009664 0.905653 2
0 0.119534 0.947896 0.073051 0.102905 0.141398 0.989746 2
0 0.202724 0.879323 0.119462 0.122722 0.201416 0.879883 2
0 0.335231 0.824762 0.102191 0.178621 0.337728 0.815457 2
0 0.311067 0.789736 0.141916 0.177119 0.312805 0.799181 2
0 0.476673 0.916643 0.038014 0.165412 0.472005 0.923964 2
0 0.520485 0.922260 0.052176 0.045838 0.519307 0.920573 2
0 0.768453 0.936680 0.048342 0.125338 0.770472 0.937833 2
0 0.777116 0.781379 0.121897 0.095777 0.772095 0.777479 2
0 0.760849 0.657932 0.104635 0.184382 0.764974 0.656087 2
0 0.954466 0.687781 0.090091 0.224120 0.947062 0.683214 2
0 0.975550 0.752528 0.047924 0.195789 0.992330 0.721191 2
0 0.952434 0.844891 0.094155 0.070646 0.952657 0.836480 2
