0 0.196144 0.084857 0.043360 0.043828 0.196094 0.084375 2
0 0.289814 0.026269 0.021763 0.052538 0.287793 0.018880 2
0 0.364287 0.241925 0.029899 0.018229 0.365576 0.243229 2
0 0.190275 0.362484 0.026871 0.046235 0.191016 0.360872 2
0 0.068433 0.236104 0.019338 0.026591 0.068018 0.237565 2
0 0.209250 0.566806 0.067067 0.123480 0.213574 0.569271 2
0 0.432489 0.065898 0.023911 0.019980 0.429736 0.067839 2
0 0.488169 0.441719 0.020100 0.062624 0.488574 0.440755 2
0 0.444405 0.551414 0.033116 0.009222 0.445508 0.552018 2
0 0.715689 0.221762 0.041360 0.030398 0.716357 0.222396 2
0 0.733485 0.280050 0.043869 0.048420 0.732482 0.279485 2
0 0.641212 0.427012 0.019372 0.020411 0.642386 0.428446 2
0 0.841018 0.724012 0.012336 0.030829 0.840844 0.723303 2
0 0.969293 0.315643 0.024152 0.020466 0.967480 0.316471 2
0 0.901940 0.170365 0.010629 0.043130 0.902447 0.169573 2
0 0.978038 0.914611 0.029180 0.013367 0.976904 0.914909 2
0 0.446156 0.898503 0.023377 0.037718 0.445237 0.897625 2
