0 0.339396 0.043035 0.106253 0.086070 0.353670 0.018823 2
0 0.185821 0.269433 0.063002 0.265733 0.195193 0.274671 2
0 0.178822 0.214084 0.154270 0.058957 0.180630 0.223273 2
0 0.345083 0.314212 0.181059 0.268616 0.377656 0.298657 2
0 0.509442 0.278652 0.188186 0.231203 0.501867 0.302083 2
0 0.544434 0.140625 0.101562 0.128906 0.544699 0.137610 2
0 0.253939 0.490681 0.086522 0.257258 0.263723 0.485974 2
0 0.332884 0.440943 0.068733 0.118203 0.333967 0.443713 2
0 0.083158 0.568952 0.102937 0.029643 0.082117 0.564784 2
0 0.074404 0.500507 0.091845 0.124847 0.076977 0.506533 2
0 0.167376 0.655948 0.038435 0.120872 0.171207 0.653874 2
0 0.126346 0.842801 0.098989 0.197305 0.125805 0.850329 2
0 0.239654 0.889825 0.109053 0.118099 0.241451 0.902869 2
0 0.768536 0.558871 0.198547 0.290229 0.739155 0.576206 2
0 0.615263 0.685963 0.146650 0.238078 0.582391 0.665296 2
0 0.519248 0.600475 0.055698 0.133342 0.519000 0.596765 2
0 0.521719 0.670434 0.150631 0.196331 0.524997 0.681287 2
0 0.476777 0.708490 0.126526 0.110482 0.477882 0.717836 2
0 0.754618 0.246307 0.183976 0.195546 0.760571 0.250685 2
0 0.716522 0.346077 0.136271 0.151781 0.722022 0.356908 2
0 0.952762 0.153197 0.093499 0.072624 0.955027 0.169591 2
0 0.939064 0.054071 0.120896 0.108142 0.955027 0.053088 2
0 0.955517 0.077821 0.087989 0.065914 0.972159 0.081643 2
0 0.981225 0.484562 0.036574 0.130582 0.993575 0.479121 2
