0 0.251115 0.100184 0.137681 0.117595 0.258867 0.095403 2
0 0.272401 0.021815 0.127291 0.043630 0.268167 0.006531 2
0 0.311566 0.090934 0.093094 0.139584 0.307695 0.101604 2
0 0.203207 0.529516 0.168543 0.266884 0.182912 0.510830 2
0 0.253760 0.499010 0.149707 0.160748 0.256541 0.504630 2
0 0.241510 0.739407 0.052496 0.175508 0.233290 0.739211 2
0 0.200556 0.845660 0.077370 0.071972 0.200439 0.847226 2
0 0.271149 0.880195 0.087899 0.197271 0.259642 0.877687 2
0 0.299120 0.843937 0.102284 0.127485 0.296069 0.839451 2
0 0.247278 0.942989 0.054552 0.050766 0.246466 0.943824 2
0 0.024658 0.307617 0.024902 0.185547 0.022476 0.309317 2
0 0.035624 0.909748 0.071248 0.067938 0.013176 0.896288 2
0 0.520672 0.845968 0.028803 0.129807 0.524696 0.844595 2
0 0.514501 0.788829 0.128602 0.131303 0.512308 0.781581 2
0 0.652465 0.869277 0.073048 0.130111 0.654142 0.875620 2
0 0.717369 0.907597 0.223466 0.183504 0.737847 0.958292 2
0 0.663533 0.537548 0.180694 0.155008 0.647166 0.559400 2
0 0.711313 0.646955 0.122102 0.229880 0.713821 0.652406 2
0 0.795742 0.700832 0.129183 0.088262 0.798749 0.709694 2
0 0.803283 0.773058 0.168649 0.156275 0.798301 0.788814 2
0 0.842522 0.866584 0.158793 0.259063 0.820778 0.870453 2
0 0.932205 0.631823 0.134614 0.031835 0.930835 0.626571 2
0 0.979548 0.525011 0.039928 0.031454 0.981988 0.526331 2
0 0.863620 0.473002 0.119984 0.046394 0.861080 0.475694 2
0 0.417245 0.422395 0.051008 0.218066 0.408451 0.412657 2
0 0.388132 0.470535 0.157018 0.187876 0.389850 0.444692 2
0 0.369875 0.476732 0.055927 0.080509 0.364273 0.460193 2
0 0.479843 0.135505 0.185923 0.271011 0.466580 0.091270 2
0 0.582053 0.027980 0.169789 0.039210 0.578962 0.025132 2
0 0.930868 0.327963 0.121766 0.106035 0.927734 0.331019 2
0 0.968114 0.395402 0.041684 0.176498 0.955636 0.404390 2
0 0.935641 0.396008 0.074317 0.160262 0.930060 0.403356 2
0 0.729466 0.453809 0.033596 0.063469 0.730231 0.452976 2
0 0.723143 0.421896 0.046241 0.020886 0.724158 0.420910 2
0 0.725731 0.323050 0.098836 0.193387 0.718471 0.317584 2
0 0.672337 0.251985 0.170008 0.063314 0.666944 0.239720 2
0 0.638616 0.208309 0.025211 0.131522 0.633216 0.203910 2
0 0.790408 0.180698 0.211852 0.193382 0.785900 0.201844 2
0 0.688670 0.099953 0.125320 0.199905 0.706070 0.079902 2
0 0.760567 0.061825 0.126226 0.080762 0.757223 0.066468 2
0 0.774845 0.060733 0.018198 0.121466 0.775189 0.061422 2
0 0.798715 0.094214 0.123217 0.132034 0.794383 0.084321 2
0 0.753176 0.148362 0.143702 0.086967 0.748698 0.151207 2
0 0.790382 0.146211 0.118574 0.084553 0.787450 0.150174 2
0 0.991024 0.021311 0.016975 0.042622 0.995164 0.005498 2
0 0.968097 0.071167 0.062829 0.076191 0.999039 0.042700 2
