0 0.300409 0.160280 0.030227 0.073372 0.298145 0.168880 2
0 0.216947 0.365880 0.060980 0.052757 0.218262 0.365430 2
0 0.009833 0.493840 0.019667 0.049759 0.009863 0.493099 2
0 0.983833 0.474206 0.031358 0.041061 0.999326 0.483712 2
0 0.579208 0.356912 0.028001 0.055053 0.580420 0.359440 2
0 0.649292 0.320620 0.014607 0.042211 0.648828 0.321680 2
0 0.722530 0.296248 0.037549 0.043644 0.722021 0.296875 2
0 0.749278 0.264853 0.008349 0.033337 0.750098 0.264388 2
0 0.873678 0.248439 0.039693 0.034824 0.872754 0.247591 2
0 0.806715 0.202706 0.045810 0.042456 0.808301 0.202474 2
0 0.959930 0.335507 0.032680 0.051098 0.960107 0.336198 2
0 0.846735 0.684592 0.034026 0.044469 0.847015 0.684275 2
0 0.775630 0.763215 0.038494 0.014457 0.780391 0.761075 2
0 0.606015 0.684332 0.052150 0.059118 0.604443 0.679948 2
0 0.560129 0.679923 0.012052 0.034716 0.560449 0.679948 2
0 0.450003 0.677839 0.026151 0.039329 0.451318 0.678971 2
0 0.515574 0.981068 0.041330 0.036561 0.517627 0.985026 2
0 0.972224 0.935189 0.022288 0.016417 0.966343 0.932625 2
0 0.995761 0.946943 0.007502 0.065310 0.997900 0.943359 2
