0 0.472861 0.031921 0.151972 0.063842 0.471828 0.002746 2
0 0.396240 0.233724 0.121000 0.242187 0.418224 0.224241 2
0 0.493024 0.175350 0.157366 0.240024 0.488281 0.157014 2
0 0.563766 0.212977 0.106860 0.043227 0.554093 0.217873 2
0 0.517144 0.301132 0.114659 0.143547 0.524372 0.280146 2
0 0.575786 0.394027 0.089300 0.253313 0.576384 0.388417 2
0 0.649304 0.294009 0.186303 0.201535 0.650157 0.289346 2
0 0.651016 0.544287 0.089740 0.151304 0.655465 0.529240 2
0 0.623457 0.513319 0.082030 0.078754 0.631581 0.505180 2
0 0.538817 0.551778 0.048123 0.139798 0.532863 0.549055 2
0 0.430458 0.526542 0.106768 0.107563 0.434676 0.523579 2
0 0.289600 0.660789 0.104440 0.195640 0.294030 0.658033 2
0 0.129360 0.692655 0.147686 0.135372 0.130562 0.685632 2
0 0.252547 0.388452 0.070523 0.130821 0.261655 0.388417 2
0 0.209972 0.464465 0.064368 0.134953 0.211765 0.459890 2
0 0.134307 0.325926 0.129951 0.092819 0.130031 0.338174 2
0 0.040889 0.474116 0.081777 0.207932 0.045644 0.459183 2
0 0.942019 0.867132 0.024414 0.157912 0.939941 0.878114 2
0 0.763371 0.879218 0.049431 0.164125 0.752590 0.878114 2
0 0.654079 0.915652 0.102974 0.167395 0.668733 0.932603 2
0 0.567975 0.944506 0.128387 0.109685 0.577446 0.943925 2
0 0.958832 0.726060 0.038004 0.122875 0.957987 0.717476 2
0 0.877930 0.699133 0.026233 0.023129 0.876253 0.699785 2
0 0.928219 0.629984 0.142585 0.060336 0.929327 0.619112 2
0 0.970933 0.569298 0.057158 0.085231 0.982931 0.573115 2
0 0.980006 0.527601 0.039011 0.093193 0.994077 0.503057 2
0 0.951061 0.449373 0.096901 0.083447 0.960110 0.441491 2
0 0.891370 0.434001 0.052500 0.163597 0.879968 0.427338 2
0 0.926457 0.301900 0.146109 0.139997 0.944187 0.281561 2
0 0.898260 0.325649 0.048098 0.106987 0.896951 0.323313 2
0 0.890518 0.185948 0.143278 0.166740 0.896951 0.178244 2
0 0.890514 0.239161 0.166086 0.085847 0.882621 0.227072 2
0 0.020403 0.269616 0.040806 0.110164 0.008492 0.253963 2
