0 0.273537 0.037268 0.047968 0.074537 0.259969 0.010146 2
0 0.430664 0.183268 0.095836 0.197266 0.433721 0.175866 2
0 0.477797 0.061506 0.073106 0.123011 0.476842 0.032975 2
0 0.165772 0.430664 0.146184 0.154297 0.163581 0.410072 2
0 0.273633 0.368490 0.050391 0.046563 0.291675 0.384706 2
0 0.355664 0.439779 0.073285 0.219401 0.366503 0.441356 2
0 0.437647 0.436198 0.092515 0.188021 0.447037 0.431209 2
0 0.642147 0.465748 0.124957 0.167938 0.637277 0.465030 2
0 0.578125 0.554644 0.036256 0.128811 0.582107 0.550426 2
0 0.281932 0.676945 0.157998 0.153922 0.291675 0.688244 2
0 0.201770 0.703145 0.037621 0.049648 0.197190 0.708536 2
0 0.067340 0.747566 0.070432 0.146513 0.069095 0.748275 2
0 0.863396 0.250632 0.070083 0.089605 0.872540 0.255344 2
0 0.814127 0.554230 0.104083 0.060827 0.816736 0.556345 2
0 0.938261 0.588101 0.101283 0.117606 0.943562 0.591011 2
0 0.760457 0.850399 0.112614 0.111641 0.755859 0.853118 2
