0 0.698915 0.622672 0.030964 0.052037 0.697056 0.620619 2
0 0.610311 0.531101 0.037502 0.020453 0.608509 0.531889 2
0 0.616852 0.467991 0.015103 0.027518 0.618566 0.470332 2
0 0.562624 0.289727 0.042607 0.030205 0.563366 0.294811 2
0 0.322922 0.464095 0.032363 0.015000 0.323832 0.464328 2
0 0.730506 0.581813 0.038797 0.059861 0.732194 0.582287 2
0 0.733547 0.544486 0.028601 0.042206 0.733106 0.543346 2
0 0.290908 0.180905 0.031035 0.025711 0.292508 0.181800 2
0 0.040969 0.351753 0.021166 0.007824 0.038560 0.352591 2
0 0.462624 0.051209 0.049628 0.040030 0.460182 0.052820 2
0 0.808524 0.182506 0.037402 0.045010 0.808980 0.182452 2
