0 0.118948 0.549949 0.138536 0.230886 0.113504 0.558525 2
0 0.099570 0.425562 0.115248 0.175342 0.103224 0.436312 2
0 0.013942 0.147177 0.027885 0.199293 0.007281 0.158763 2
0 0.066855 0.116746 0.133710 0.202437 0.067246 0.124497 2
0 0.670053 0.089294 0.097495 0.105503 0.646205 0.110574 2
0 0.689187 0.330981 0.152788 0.067120 0.674599 0.336943 2
0 0.470324 0.484946 0.206085 0.238974 0.485283 0.448876 2
0 0.247906 0.325215 0.188759 0.166056 0.255705 0.310673 2
0 0.250666 0.711707 0.223925 0.199751 0.270268 0.764117 2
0 0.293703 0.796465 0.204674 0.218285 0.298939 0.791607 2
0 0.364472 0.741722 0.190756 0.198799 0.364498 0.754980 2
0 0.602028 0.571195 0.192212 0.093188 0.600072 0.580227 2
0 0.604160 0.687837 0.039376 0.178425 0.612921 0.685307 2
0 0.727203 0.791806 0.168564 0.199241 0.730280 0.761833 2
0 0.696520 0.656247 0.049336 0.082750 0.693445 0.646473 2
0 0.534811 0.812877 0.095956 0.254053 0.515265 0.808662 2
0 0.293967 0.953856 0.096743 0.090985 0.276264 0.985700 2
0 0.662708 0.937201 0.160875 0.101112 0.658323 0.950292 2
0 0.675738 0.911898 0.118387 0.086488 0.683165 0.912601 2
0 0.861234 0.823112 0.222899 0.233568 0.863915 0.866913 2
0 0.936461 0.979980 0.126102 0.038739 0.956432 0.998264 2
