0 0.438707 0.248156 0.204745 0.213837 0.426794 0.213831 2
0 0.929883 0.441927 0.082270 0.120313 0.925941 0.442655 2
0 0.811202 0.490242 0.057409 0.162776 0.805963 0.490753 2
0 0.823779 0.367253 0.085840 0.084583 0.792012 0.377551 2
0 0.507612 0.655148 0.063726 0.181666 0.503792 0.636457 2
0 0.455880 0.669569 0.125935 0.064497 0.464793 0.662245 2
0 0.590664 0.844929 0.027113 0.148741 0.585595 0.846566 2
0 0.554827 0.838109 0.104107 0.158099 0.557376 0.845297 2
0 0.498287 0.916793 0.108578 0.165113 0.508231 0.916743 2
0 0.591098 0.966437 0.036616 0.018241 0.590668 0.967896 2
0 0.197978 0.975201 0.022730 0.017211 0.202065 0.974596 2
