0 0.020585 0.609556 0.041171 0.084335 0.012149 0.595593 2
0 0.090038 0.917991 0.037737 0.059248 0.087874 0.915596 2
0 0.211662 0.222119 0.039161 0.057405 0.211984 0.222245 2
0 0.298094 0.285431 0.040311 0.043020 0.298014 0.285800 2
0 0.434731 0.166753 0.034312 0.097349 0.436776 0.163023 2
0 0.472398 0.192083 0.057563 0.034989 0.467401 0.187580 2
0 0.537775 0.838085 0.021565 0.022241 0.536481 0.838530 2
0 0.747310 0.159621 0.008911 0.032270 0.745114 0.160853 2
0 0.855496 0.184042 0.016948 0.034955 0.855826 0.183746 2
0 0.689814 0.298473 0.042432 0.054654 0.689765 0.297928 2
0 0.785651 0.299290 0.048537 0.033906 0.786505 0.297331 2
0 0.892011 0.538438 0.038678 0.047633 0.891837 0.537356 2
0 0.764281 0.429410 0.172117 0.108820 0.780732 0.412216 2
