0 0.021880 0.207390 0.043760 0.042648 0.024756 0.209896 2
0 0.360342 0.129154 0.013556 0.038092 0.360044 0.127822 2
0 0.357296 0.415150 0.022734 0.046614 0.357921 0.416383 2
0 0.042568 0.729553 0.011643 0.019767 0.043848 0.731706 2
0 0.145102 0.832472 0.012992 0.036051 0.145654 0.832617 2
0 0.696719 0.833423 0.029807 0.017992 0.695850 0.833659 2
0 0.613061 0.724534 0.028936 0.022820 0.612402 0.725326 2
0 0.741401 0.656783 0.007804 0.023124 0.740820 0.658138 2
0 0.587682 0.267897 0.024476 0.008136 0.587842 0.268945 2
0 0.448724 0.142707 0.022869 0.035162 0.448877 0.142448 2
0 0.844439 0.300429 0.008612 0.041528 0.844436 0.299454 2
0 0.895402 0.209004 0.026724 0.025919 0.896045 0.209505 2
0 0.918994 0.702448 0.027735 0.029993 0.920410 0.700911 2
