0 0.019944 0.122056 0.017557 0.041799 0.019730 0.124276 2
0 0.565024 0.927003 0.024739 0.038486 0.566309 0.925000 2
0 0.732086 0.375320 0.008441 0.057420 0.732471 0.375130 2
0 0.969950 0.295734 0.016274 0.009494 0.975488 0.296289 2
0 0.324447 0.569755 0.041565 0.028665 0.324219 0.569727 2
0 0.271202 0.500956 0.026188 0.051911 0.271484 0.503451 2
0 0.921422 0.681926 0.046565 0.023550 0.923535 0.682292 2
0 0.872507 0.819889 0.008070 0.043791 0.872412 0.823047 2
0 0.837844 0.970007 0.030327 0.033547 0.838326 0.969470 2
0 0.314593 0.180958 0.025048 0.043044 0.316113 0.182096 2
0 0.298413 0.070150 0.014795 0.020465 0.298877 0.070508 2
0 0.887492 0.047950 0.033888 0.045530 0.887549 0.046224 2
