0 0.414175 0.074219 0.060974 0.112348 0.414402 0.077276 2
0 0.455918 0.073699 0.049444 0.097481 0.457286 0.065953 2
0 0.748780 0.029408 0.114779 0.058816 0.807150 0.013304 2
0 0.922663 0.114790 0.086885 0.033429 0.922639 0.114074 2
0 0.967182 0.131419 0.064659 0.154404 0.974440 0.120867 2
0 0.966694 0.297430 0.057877 0.148432 0.972317 0.290704 2
0 0.930777 0.401085 0.137470 0.129192 0.956182 0.431103 2
0 0.934390 0.477498 0.128087 0.199376 0.936651 0.495641 2
0 0.842329 0.535513 0.141661 0.086526 0.837296 0.530174 2
0 0.785557 0.609156 0.038788 0.126415 0.789742 0.610564 2
0 0.841033 0.631148 0.172753 0.250616 0.831776 0.600940 2
0 0.892704 0.802909 0.154084 0.171337 0.901410 0.780401 2
0 0.819461 0.807314 0.157083 0.174769 0.830078 0.787760 2
0 0.905017 0.858865 0.045335 0.028263 0.904382 0.856827 2
0 0.698179 0.927616 0.048799 0.143466 0.706097 0.933820 2
0 0.088697 0.058060 0.078682 0.116120 0.093410 0.034817 2
0 0.139405 0.066448 0.086672 0.132896 0.157099 0.053499 2
0 0.104692 0.080382 0.043476 0.130737 0.113791 0.080673 2
0 0.215097 0.358383 0.101731 0.200626 0.205503 0.360337 2
0 0.027381 0.412947 0.054761 0.079388 0.020805 0.427140 2
0 0.041862 0.543358 0.083725 0.142695 0.042459 0.519984 2
0 0.108154 0.707682 0.105961 0.130208 0.098930 0.689821 2
0 0.193791 0.650542 0.057194 0.106443 0.196162 0.634907 2
0 0.174567 0.819709 0.105870 0.077490 0.176630 0.822860 2
0 0.309036 0.890749 0.061163 0.186172 0.316746 0.888530 2
0 0.349327 0.918377 0.033657 0.161943 0.349015 0.928159 2
0 0.400037 0.877852 0.084250 0.127392 0.398268 0.872679 2
0 0.438325 0.977465 0.108094 0.043767 0.427565 0.997226 2
0 0.446711 0.671773 0.092937 0.294419 0.466627 0.676234 2
0 0.356189 0.477786 0.181741 0.101048 0.355808 0.451483 2
0 0.321218 0.470472 0.132839 0.076365 0.319718 0.462240 2
0 0.502912 0.491244 0.139999 0.245255 0.489980 0.480922 2
0 0.415360 0.342941 0.082472 0.133383 0.418224 0.330333 2
0 0.530655 0.550585 0.151718 0.099940 0.528193 0.544894 2
0 0.554989 0.432280 0.138014 0.192128 0.564708 0.436764 2
0 0.800863 0.307112 0.124431 0.147060 0.796535 0.305423 2
0 0.698725 0.148227 0.068695 0.179493 0.690812 0.149173 2
0 0.676409 0.194980 0.037155 0.132639 0.682745 0.191067 2
0 0.652507 0.169054 0.096029 0.184202 0.660241 0.168422 2
0 0.664714 0.297743 0.146123 0.234296 0.661090 0.296932 2
0 0.647867 0.425612 0.105514 0.120420 0.641984 0.386945 2
0 0.704520 0.327483 0.057107 0.084105 0.704399 0.339391 2
0 0.691869 0.290399 0.108562 0.115961 0.686990 0.313915 2
