0 0.054141 0.792321 0.006807 0.034348 0.053955 0.792318 2
0 0.572771 0.922394 0.015604 0.030703 0.572461 0.923893 2
0 0.886173 0.952901 0.050735 0.029110 0.884745 0.950868 2
0 0.737288 0.776490 0.032963 0.058404 0.734521 0.778451 2
0 0.453483 0.737532 0.014390 0.011969 0.454150 0.737370 2
0 0.858759 0.838578 0.029481 0.009599 0.862109 0.837826 2
0 0.994691 0.667191 0.009641 0.060621 0.997780 0.662660 2
0 0.787045 0.558970 0.040451 0.048266 0.784961 0.556445 2
0 0.969695 0.555196 0.028387 0.017491 0.965659 0.556117 2
0 0.921249 0.410801 0.051735 0.030320 0.920961 0.411912 2
0 0.957765 0.044037 0.020441 0.054234 0.957373 0.044206 2
0 0.206414 0.252206 0.013612 0.015527 0.204395 0.251628 2
