0 0.156595 0.169845 0.048416 0.131357 0.158906 0.164474 2
0 0.294376 0.124847 0.143899 0.126670 0.287401 0.121071 2
0 0.550537 0.045290 0.049316 0.090580 0.543534 0.028554 2
0 0.522412 0.192617 0.066630 0.167404 0.522975 0.204450 2
0 0.472293 0.306644 0.205178 0.169521 0.469007 0.285545 2
0 0.720947 0.208008 0.050293 0.098537 0.720857 0.212445 2
0 0.664475 0.329205 0.100737 0.153710 0.660036 0.336943 2
0 0.764894 0.311806 0.093020 0.136416 0.765402 0.310673 2
0 0.843212 0.383280 0.082517 0.039863 0.842499 0.389483 2
0 0.947270 0.099617 0.104483 0.044975 0.950435 0.109649 2
0 0.320613 0.507161 0.105093 0.143131 0.321666 0.517407 2
0 0.317790 0.465429 0.110037 0.113921 0.327662 0.471720 2
0 0.105963 0.490096 0.150175 0.131787 0.111791 0.486568 2
0 0.258062 0.894767 0.028880 0.185366 0.254849 0.905747 2
0 0.391737 0.796240 0.137789 0.252699 0.373064 0.804094 2
0 0.500553 0.850060 0.184423 0.164965 0.499846 0.848639 2
0 0.458063 0.942241 0.049134 0.114216 0.449304 0.973136 2
0 0.252559 0.764462 0.171872 0.159265 0.250565 0.737847 2
0 0.696927 0.852329 0.094490 0.231416 0.701155 0.849781 2
0 0.756984 0.888301 0.166940 0.222095 0.773112 0.898894 2
0 0.870035 0.900065 0.071827 0.198568 0.878478 0.917169 2
0 0.895528 0.927907 0.042690 0.142884 0.895611 0.938871 2
