0 0.175452 0.461205 0.104932 0.113513 0.174601 0.447398 2
0 0.601058 0.541475 0.026885 0.176530 0.597178 0.541773 2
0 0.657440 0.735067 0.110882 0.056071 0.652691 0.748265 2
0 0.368067 0.851038 0.086029 0.071073 0.375804 0.869638 2
0 0.273279 0.264638 0.097085 0.132264 0.271954 0.263301 2
0 0.917983 0.862965 0.039424 0.119252 0.902744 0.868028 2
0 0.955739 0.623037 0.065247 0.158452 0.960210 0.614958 2
0 0.880701 0.554209 0.115249 0.061543 0.889997 0.541062 2
0 0.953686 0.460516 0.091651 0.138825 0.957298 0.472982 2
0 0.969836 0.100529 0.059352 0.080423 0.979167 0.103575 2
0 0.937164 0.187902 0.070919 0.147236 0.932199 0.222052 2
0 0.879660 0.289277 0.086164 0.098338 0.889997 0.293201 2
0 0.899730 0.336531 0.068415 0.140740 0.909615 0.357524 2
0 0.930239 0.387508 0.138546 0.117272 0.939751 0.408895 2
0 0.976109 0.299500 0.046805 0.157633 0.986957 0.309728 2
0 0.924851 0.491217 0.052713 0.033637 0.927544 0.478577 2
