0 0.263423 0.046480 0.035422 0.092960 0.263000 0.041504 2
0 0.166437 0.066580 0.027452 0.115814 0.171448 0.057780 2
0 0.198319 0.214068 0.110007 0.181792 0.212952 0.205892 2
0 0.086358 0.484116 0.024326 0.042826 0.086609 0.483398 2
0 0.249542 0.607354 0.107985 0.106180 0.244690 0.609538 2
0 0.100892 0.730435 0.079951 0.145796 0.103088 0.734049 2
0 0.339233 0.831473 0.098182 0.032274 0.339294 0.824382 2
0 0.459309 0.835083 0.035785 0.094038 0.463196 0.835775 2
0 0.298631 0.749985 0.046894 0.055970 0.300232 0.745443 2
0 0.370917 0.660280 0.100087 0.085994 0.375305 0.661621 2
0 0.377859 0.390562 0.111111 0.048195 0.378967 0.398763 2
0 0.535465 0.215019 0.060947 0.163486 0.527893 0.216471 2
0 0.565939 0.123047 0.020315 0.041556 0.564514 0.121257 2
0 0.558803 0.100611 0.083877 0.036219 0.559631 0.103353 2
0 0.703457 0.603861 0.061256 0.164933 0.694519 0.603027 2
0 0.829346 0.716146 0.134490 0.140625 0.824524 0.722656 2
0 0.818925 0.908666 0.130886 0.104858 0.822083 0.901693 2
0 0.955901 0.761833 0.023855 0.055548 0.955139 0.759277 2
0 0.937849 0.128865 0.071987 0.180829 0.928284 0.129395 2
0 0.770720 0.171167 0.056506 0.055905 0.769592 0.172526 2
