0 0.207067 0.066732 0.146940 0.133463 0.200278 0.056552 2
0 0.334383 0.063138 0.024285 0.090350 0.337245 0.062070 2
0 0.297963 0.230441 0.187468 0.270376 0.322348 0.252417 2
0 0.118373 0.366728 0.014220 0.023763 0.117932 0.366625 2
0 0.242895 0.480545 0.025637 0.046534 0.241658 0.479178 2
0 0.093100 0.805281 0.162028 0.208882 0.102208 0.787595 2
0 0.615383 0.443895 0.183296 0.209867 0.577853 0.424825 2
0 0.767213 0.215458 0.008195 0.023902 0.767912 0.215503 2
0 0.962917 0.257426 0.073189 0.098203 0.984011 0.260141 2
0 0.995383 0.303694 0.008257 0.014650 0.998494 0.301521 2
0 0.972900 0.428153 0.053223 0.245629 0.973666 0.421246 2
0 0.767405 0.860562 0.056525 0.067554 0.765939 0.855458 2
0 0.615869 0.917549 0.091643 0.163599 0.620697 0.940976 2
0 0.341642 0.664138 0.025982 0.013339 0.341383 0.664559 2
