0 0.162651 0.046056 0.040753 0.092111 0.162354 0.045247 2
0 0.011489 0.180122 0.020626 0.041233 0.010840 0.181966 2
0 0.293695 0.064827 0.024606 0.039231 0.293597 0.065849 2
0 0.271762 0.019735 0.034802 0.014537 0.272510 0.020964 2
0 0.013715 0.396810 0.027431 0.016276 0.015967 0.396354 2
0 0.202190 0.656458 0.049072 0.030988 0.198437 0.656315 2
0 0.048198 0.716828 0.019879 0.042738 0.048633 0.716927 2
0 0.018883 0.726771 0.013700 0.018624 0.018506 0.727409 2
0 0.347278 0.436510 0.038702 0.038546 0.348389 0.437044 2
0 0.477212 0.479103 0.036333 0.018511 0.475732 0.480664 2
0 0.468810 0.686790 0.014884 0.037911 0.468945 0.686914 2
0 0.475703 0.806557 0.013636 0.035697 0.474023 0.805273 2
0 0.606908 0.332513 0.005557 0.023483 0.609229 0.344271 2
0 0.801135 0.186755 0.028812 0.015422 0.799609 0.187305 2
0 0.676511 0.538548 0.012492 0.030360 0.678271 0.543034 2
0 0.757836 0.489719 0.021336 0.015499 0.759225 0.488557 2
