0 0.317618 0.920850 0.098665 0.156998 0.302373 0.961363 2
0 0.424533 0.840514 0.100663 0.134217 0.419252 0.846602 2
0 0.419419 0.656904 0.013474 0.018847 0.419177 0.658067 2
0 0.645778 0.467621 0.229928 0.324629 0.628729 0.444998 2
0 0.645508 0.209310 0.101713 0.134766 0.649737 0.201399 2
0 0.766402 0.215458 0.026107 0.018955 0.764814 0.214264 2
0 0.229848 0.279921 0.090556 0.218696 0.200556 0.285404 2
0 0.039744 0.107874 0.036519 0.092758 0.048575 0.135829 2
0 0.068033 0.048097 0.136066 0.096193 0.063329 0.038875 2
0 0.139061 0.077638 0.016556 0.013020 0.138062 0.076443 2
0 0.870904 0.160049 0.019134 0.022910 0.871173 0.160034 2
0 0.951361 0.544182 0.014051 0.067659 0.951300 0.538119 2
0 0.910805 0.640636 0.168918 0.269127 0.934168 0.649510 2
