0 0.072030 0.478863 0.019570 0.030389 0.071736 0.479178 2
0 0.061076 0.664653 0.122152 0.206826 0.000563 0.677249 2
0 0.007334 0.822665 0.014668 0.075332 0.002632 0.816285 2
0 0.547607 0.285807 0.032715 0.044704 0.548017 0.287727 2
0 0.641168 0.333013 0.163195 0.192828 0.640294 0.324693 2
0 0.699715 0.426593 0.015116 0.018828 0.699881 0.426212 2
0 0.677435 0.397221 0.023510 0.028700 0.677536 0.398073 2
0 0.854433 0.273319 0.020037 0.037369 0.853400 0.275589 2
0 0.303746 0.757802 0.108234 0.101062 0.298911 0.767181 2
0 0.444404 0.954393 0.057478 0.089911 0.445395 0.981252 2
0 0.640572 0.675734 0.059938 0.052334 0.636310 0.679570 2
