0 0.080467 0.965067 0.018859 0.042549 0.078923 0.959078 2
0 0.624595 0.747940 0.022281 0.021910 0.626221 0.746875 2
0 0.725282 0.729697 0.017621 0.070326 0.725146 0.731641 2
0 0.820735 0.952814 0.027740 0.031514 0.824483 0.960286 2
0 0.979397 0.626876 0.040228 0.050128 0.980762 0.629687 2
0 0.848583 0.456739 0.010041 0.069085 0.848216 0.459525 2
0 0.859594 0.220213 0.012353 0.036431 0.858838 0.218945 2
0 0.851867 0.206969 0.011029 0.049751 0.851270 0.206836 2
0 0.947770 0.138026 0.020129 0.012648 0.947705 0.139648 2
0 0.947951 0.098461 0.010079 0.030484 0.947949 0.100326 2
0 0.950910 0.075610 0.021667 0.027362 0.951709 0.074805 2
0 0.182204 0.562205 0.023467 0.037727 0.181022 0.565571 2
