0 0.373907 0.239003 0.061460 0.073769 0.375000 0.242034 2
0 0.094139 0.344646 0.083460 0.162681 0.100414 0.337776 2
0 0.026136 0.423857 0.052272 0.131569 0.015724 0.418200 2
0 0.213405 0.829957 0.064869 0.123956 0.221819 0.843052 2
0 0.028888 0.843099 0.057776 0.140625 0.015734 0.841942 2
0 0.339165 0.845079 0.146229 0.162252 0.347377 0.861654 2
0 0.342940 0.901192 0.078385 0.146071 0.338658 0.896996 2
0 0.596622 0.872457 0.149901 0.119913 0.601131 0.860728 2
0 0.734116 0.259185 0.010072 0.026623 0.734122 0.258703 2
0 0.966886 0.225144 0.065252 0.090701 0.977105 0.230686 2
0 0.984560 0.282237 0.021562 0.019363 0.984438 0.283218 2
