0 0.286500 0.147896 0.029106 0.030669 0.288135 0.147135 2
0 0.042508 0.267432 0.045671 0.033415 0.043311 0.267448 2
0 0.070502 0.572928 0.028297 0.057757 0.071240 0.572331 2
0 0.247104 0.813276 0.043288 0.060609 0.248779 0.814648 2
0 0.954090 0.756435 0.013617 0.037981 0.953906 0.755859 2
0 0.914770 0.892385 0.017071 0.036613 0.914648 0.892969 2
0 0.888581 0.310364 0.039700 0.020825 0.884229 0.309896 2
0 0.793089 0.121536 0.043360 0.016259 0.794531 0.121810 2
0 0.868235 0.144484 0.020857 0.039699 0.868311 0.144206 2
0 0.555091 0.144497 0.018017 0.007691 0.554834 0.144987 2
0 0.586722 0.021687 0.021352 0.027474 0.586719 0.020573 2
0 0.957368 0.662517 0.020679 0.012350 0.957910 0.661914 2
