0 0.079815 0.571987 0.033267 0.022520 0.082129 0.573242 2
0 0.395508 0.325195 0.049805 0.018881 0.395312 0.325846 2
0 0.782170 0.450339 0.046012 0.085000 0.788379 0.449023 2
0 0.802734 0.606120 0.042056 0.072917 0.801318 0.606315 2
0 0.888428 0.769206 0.010266 0.057943 0.889063 0.771159 2
0 0.975679 0.747760 0.047665 0.037409 0.987939 0.741862 2
0 0.407346 0.784143 0.015467 0.065434 0.405908 0.782096 2
0 0.380131 0.831922 0.089110 0.084130 0.381982 0.828711 2
0 0.047972 0.074323 0.050674 0.029533 0.049219 0.075130 2
0 0.010044 0.801102 0.020088 0.026920 0.003857 0.804688 2
0 0.119190 0.819754 0.035255 0.038191 0.118213 0.821549 2
0 0.174342 0.952649 0.007041 0.041661 0.173047 0.947461 2
