0 0.055455 0.222106 0.110910 0.189074 0.027405 0.187826 2
0 0.143433 0.330700 0.159246 0.082860 0.149076 0.349960 2
0 0.281940 0.409973 0.088797 0.217281 0.276693 0.413194 2
0 0.194755 0.527500 0.050576 0.125787 0.194661 0.526042 2
0 0.696862 0.163924 0.072774 0.022429 0.695435 0.163167 2
0 0.758262 0.336649 0.053241 0.091377 0.755249 0.336914 2
0 0.832276 0.330937 0.091176 0.124872 0.831543 0.332845 2
0 0.817016 0.158933 0.019503 0.108273 0.816895 0.141602 2
0 0.915222 0.297269 0.019544 0.044930 0.915161 0.297445 2
0 0.981429 0.464259 0.036165 0.119931 0.986877 0.463053 2
0 0.928923 0.455712 0.074426 0.098666 0.924927 0.444336 2
0 0.919556 0.586114 0.028564 0.090614 0.917297 0.584310 2
0 0.898317 0.648704 0.111514 0.130814 0.891663 0.644531 2
0 0.889289 0.729910 0.054510 0.051001 0.885254 0.731608 2
0 0.818990 0.645805 0.103727 0.098636 0.819641 0.632324 2
0 0.830593 0.623582 0.082924 0.088827 0.830933 0.619710 2
0 0.838117 0.761294 0.223546 0.280514 0.853973 0.783217 2
0 0.767652 0.787387 0.089557 0.028538 0.766705 0.793606 2
0 0.615578 0.742138 0.164051 0.136817 0.596326 0.763132 2
0 0.525590 0.813062 0.032154 0.162267 0.524111 0.807884 2
0 0.430465 0.893483 0.023051 0.114814 0.431641 0.890625 2
0 0.505986 0.914013 0.159059 0.090063 0.501302 0.922743 2
0 0.436674 0.695387 0.079129 0.117505 0.445964 0.690104 2
0 0.101320 0.764600 0.125475 0.138175 0.099609 0.762153 2
0 0.102406 0.860212 0.183485 0.236516 0.097005 0.848090 2
0 0.036208 0.911358 0.011644 0.065104 0.037109 0.914062 2
0 0.335343 0.936523 0.051610 0.125651 0.336589 0.961806 2
0 0.373585 0.853738 0.030521 0.119300 0.369141 0.855903 2
0 0.952897 0.737071 0.093229 0.274956 0.965515 0.719401 2
