0 0.263289 0.061056 0.021331 0.122113 0.266012 0.042684 2
0 0.355941 0.018918 0.081989 0.037837 0.354258 0.015557 2
0 0.445861 0.037097 0.018599 0.074193 0.444031 0.028442 2
0 0.546069 0.086642 0.117100 0.173283 0.539398 0.081340 2
0 0.613263 0.107376 0.014418 0.028608 0.614421 0.108127 2
0 0.709805 0.078232 0.106284 0.085453 0.704447 0.067098 2
0 0.162701 0.249280 0.175011 0.183257 0.166575 0.234606 2
0 0.006454 0.278573 0.012907 0.024122 0.004323 0.279365 2
0 0.029369 0.550535 0.021601 0.022610 0.029104 0.550349 2
0 0.260084 0.574009 0.018498 0.023077 0.260104 0.574841 2
0 0.286458 0.668082 0.013021 0.006605 0.286443 0.668133 2
0 0.299852 0.670777 0.013124 0.008574 0.300194 0.672018 2
0 0.311474 0.693584 0.013657 0.030160 0.311381 0.693305 2
0 0.317252 0.808252 0.081993 0.055758 0.314999 0.804047 2
0 0.258292 0.836555 0.015396 0.011156 0.257786 0.836271 2
0 0.685346 0.754460 0.031294 0.054444 0.686747 0.753880 2
0 0.696198 0.553877 0.036615 0.036648 0.696707 0.550794 2
0 0.712269 0.402478 0.114139 0.218862 0.727801 0.405363 2
0 0.553479 0.450466 0.190602 0.180990 0.549494 0.477269 2
0 0.543745 0.372615 0.011068 0.021290 0.544484 0.372274 2
0 0.484682 0.365280 0.011384 0.018387 0.485229 0.365831 2
0 0.735715 0.975795 0.017875 0.020201 0.736888 0.976776 2
0 0.937057 0.474107 0.083647 0.093448 0.931362 0.465415 2
