0 0.136550 0.362972 0.034036 0.030382 0.138574 0.361654 2
0 0.120044 0.889193 0.015666 0.023828 0.119043 0.886133 2
0 0.508902 0.729137 0.024941 0.032381 0.509277 0.730469 2
0 0.713253 0.446960 0.012405 0.064456 0.713525 0.444922 2
0 0.824526 0.254195 0.027480 0.034939 0.824219 0.253060 2
0 0.840879 0.317104 0.020714 0.043373 0.841034 0.318383 2
0 0.864914 0.247846 0.018815 0.043803 0.866205 0.251348 2
0 0.838959 0.163742 0.009079 0.052913 0.839551 0.164779 2
0 0.880297 0.153801 0.019500 0.032863 0.880225 0.153451 2
0 0.883951 0.107098 0.009836 0.022689 0.883691 0.108008 2
0 0.987341 0.495799 0.023549 0.006569 0.986572 0.496484 2
0 0.952973 0.666254 0.037463 0.060565 0.954085 0.665723 2
0 0.203199 0.256911 0.021753 0.029153 0.203927 0.257339 2
