0 0.182919 0.126934 0.099832 0.143551 0.179434 0.125135 2
0 0.372502 0.104160 0.209886 0.186289 0.377917 0.086242 2
0 0.105208 0.302929 0.058153 0.073832 0.107143 0.299310 2
0 0.157508 0.350555 0.196840 0.113995 0.157239 0.379633 2
0 0.285789 0.495594 0.115687 0.071040 0.284700 0.498005 2
0 0.451786 0.359821 0.041928 0.105475 0.449574 0.368642 2
0 0.601534 0.298750 0.145565 0.252447 0.618887 0.290855 2
0 0.504775 0.212067 0.135019 0.227063 0.517426 0.218987 2
0 0.509923 0.101944 0.093661 0.168907 0.512353 0.105689 2
0 0.443840 0.043731 0.077540 0.087462 0.431184 0.027056 2
0 0.603506 0.064983 0.141320 0.129967 0.594156 0.060877 2
0 0.610902 0.146971 0.159393 0.092767 0.606204 0.130208 2
0 0.425976 0.150348 0.046937 0.126162 0.423574 0.142891 2
0 0.563196 0.173640 0.025749 0.057042 0.562449 0.171638 2
0 0.712665 0.240034 0.120793 0.137094 0.705129 0.225751 2
0 0.851741 0.236063 0.166936 0.145976 0.854784 0.232515 2
0 0.876925 0.106189 0.126897 0.092160 0.874442 0.112453 2
0 0.819345 0.037591 0.042987 0.027484 0.817834 0.037523 2
0 0.925930 0.536509 0.147164 0.335877 0.918831 0.525061 2
0 0.953001 0.455332 0.093022 0.193881 0.962586 0.460802 2
0 0.993714 0.631834 0.011595 0.051804 0.994927 0.634131 2
0 0.679426 0.673749 0.033577 0.063262 0.673630 0.670001 2
0 0.921886 0.841599 0.083029 0.123204 0.923904 0.842972 2
0 0.405762 0.942880 0.097135 0.112937 0.395673 0.961318 2
