0 0.896127 0.813385 0.096586 0.119420 0.905466 0.832906 2
0 0.985716 0.812844 0.027591 0.073739 0.980549 0.825649 2
0 0.968871 0.377852 0.061281 0.059845 0.977577 0.380809 2
0 0.651747 0.274290 0.138128 0.224247 0.649237 0.262289 2
0 0.619135 0.392618 0.088855 0.108781 0.625039 0.383567 2
0 0.714433 0.346914 0.120810 0.239286 0.752727 0.338052 2
0 0.812811 0.480738 0.127908 0.247538 0.811052 0.482781 2
0 0.387702 0.513126 0.024547 0.017578 0.386742 0.514447 2
0 0.553701 0.805121 0.088501 0.167356 0.559962 0.803393 2
0 0.495595 0.796326 0.134832 0.227900 0.480474 0.773301 2
0 0.152031 0.676266 0.086563 0.176891 0.156349 0.684817 2
0 0.151902 0.815352 0.048108 0.175161 0.170508 0.806069 2
0 0.036009 0.442350 0.072018 0.125717 0.011230 0.410890 2
0 0.189256 0.355510 0.209153 0.200489 0.202791 0.311151 2
0 0.459962 0.340681 0.128888 0.211090 0.435992 0.344678 2
0 0.474330 0.048811 0.016957 0.019773 0.474047 0.048565 2
