0 0.129800 0.726033 0.015294 0.056434 0.129834 0.723503 2
0 0.266365 0.714708 0.039955 0.044489 0.269580 0.716406 2
0 0.761353 0.853516 0.085546 0.034650 0.761869 0.855627 2
0 0.631566 0.655209 0.025975 0.022234 0.627295 0.657422 2
0 0.736492 0.663146 0.043179 0.038440 0.738135 0.665690 2
0 0.287595 0.276486 0.032953 0.011330 0.288459 0.277417 2
0 0.146491 0.304918 0.025302 0.039644 0.149023 0.308333 2
0 0.011426 0.233499 0.022852 0.096387 0.003711 0.238997 2
0 0.071655 0.113314 0.014926 0.019596 0.071875 0.113346 2
0 0.040869 0.013172 0.021582 0.026345 0.040381 0.014909 2
0 0.286454 0.178736 0.034089 0.027145 0.285889 0.181055 2
