0 0.753018 0.233908 0.023086 0.071057 0.752882 0.234537 2
0 0.913314 0.277541 0.028740 0.014700 0.914111 0.277865 2
0 0.975508 0.307738 0.013285 0.022934 0.975000 0.312305 2
0 0.911985 0.860662 0.048388 0.045178 0.910937 0.861654 2
0 0.933557 0.906534 0.015170 0.011810 0.932927 0.907215 2
0 0.595747 0.149052 0.012509 0.041178 0.596387 0.147852 2
0 0.502024 0.287606 0.025401 0.043284 0.503906 0.291602 2
0 0.370651 0.311376 0.037312 0.022496 0.370215 0.312565 2
0 0.373414 0.363082 0.018221 0.009488 0.371582 0.363542 2
0 0.271953 0.988673 0.037635 0.021352 0.272461 0.995443 2
0 0.190690 0.958502 0.006792 0.030960 0.190576 0.960091 2
0 0.057848 0.059490 0.025832 0.081352 0.057181 0.058672 2
0 0.110640 0.090185 0.023747 0.037970 0.110741 0.090977 2
