0 0.808600 0.076220 0.095291 0.152439 0.798968 0.074219 2
0 0.725410 0.057516 0.082347 0.115032 0.731306 0.053757 2
0 0.544691 0.055155 0.068560 0.110309 0.545759 0.009115 2
0 0.570779 0.151530 0.029227 0.150165 0.569475 0.133743 2
0 0.720211 0.229944 0.077550 0.127271 0.726423 0.228609 2
0 0.670158 0.334067 0.175835 0.218910 0.683873 0.348586 2
0 0.516491 0.424398 0.052933 0.085527 0.527623 0.430432 2
0 0.957800 0.289260 0.083424 0.151757 0.981027 0.263021 2
0 0.836231 0.454396 0.114682 0.114219 0.838030 0.456473 2
0 0.971823 0.561538 0.055377 0.149493 0.974051 0.560640 2
0 0.956142 0.662404 0.086739 0.148283 0.989397 0.654576 2
0 0.879371 0.610184 0.133356 0.213661 0.866629 0.610863 2
0 0.836464 0.660207 0.113843 0.201287 0.830357 0.654576 2
0 0.058190 0.040121 0.057222 0.080242 0.063058 0.024926 2
0 0.110892 0.635393 0.070540 0.098910 0.104213 0.635975 2
