0 0.596924 0.020833 0.038574 0.040965 0.598861 0.018700 2
0 0.719971 0.098958 0.024018 0.074219 0.717815 0.097656 2
0 0.959705 0.152895 0.018629 0.044071 0.957800 0.150986 2
0 0.950209 0.160123 0.016267 0.034060 0.951047 0.159990 2
0 0.644881 0.329282 0.018957 0.041686 0.643534 0.328984 2
0 0.547588 0.959112 0.013223 0.045829 0.547955 0.962711 2
0 0.492911 0.686412 0.013068 0.033102 0.491336 0.686364 2
0 0.341944 0.580955 0.023144 0.044122 0.342254 0.580397 2
0 0.070198 0.895489 0.026638 0.027829 0.069544 0.897606 2
0 0.176370 0.964959 0.019732 0.053549 0.177069 0.967559 2
