0 0.043457 0.093750 0.020613 0.058558 0.045228 0.095831 2
0 0.151052 0.035297 0.017924 0.030969 0.152928 0.036294 2
0 0.278727 0.035884 0.032522 0.052236 0.278814 0.037679 2
0 0.313043 0.038509 0.049913 0.077018 0.314326 0.038419 2
0 0.346605 0.391097 0.019146 0.060175 0.347254 0.391330 2
0 0.353739 0.500113 0.045979 0.042616 0.353270 0.502725 2
0 0.847168 0.443034 0.008789 0.043620 0.846897 0.444637 2
0 0.144775 0.563368 0.013184 0.032839 0.143874 0.562097 2
0 0.015918 0.865536 0.011557 0.071220 0.017188 0.871484 2
0 0.260589 0.278847 0.040944 0.016126 0.259332 0.279876 2
