0 0.284604 0.011181 0.039062 0.022362 0.285100 0.006372 2
0 0.383050 0.108533 0.008857 0.045837 0.383709 0.105390 2
0 0.387710 0.274429 0.041368 0.034183 0.387944 0.276397 2
0 0.547542 0.272766 0.022720 0.033788 0.546560 0.272030 2
0 0.546939 0.206822 0.040678 0.033850 0.550799 0.206183 2
0 0.439004 0.552678 0.051795 0.023835 0.441018 0.554425 2
0 0.209874 0.598708 0.006728 0.035987 0.210836 0.599532 2
0 0.089741 0.192592 0.013998 0.030804 0.087945 0.192506 2
0 0.159829 0.975352 0.027140 0.047995 0.163153 0.988422 2
0 0.704748 0.825247 0.026188 0.077411 0.706818 0.827022 2
0 0.625461 0.480496 0.038924 0.095352 0.623283 0.477602 2
0 0.658463 0.354001 0.053943 0.043054 0.657694 0.352846 2
0 0.683132 0.315250 0.050749 0.060746 0.684128 0.313726 2
0 0.756692 0.261782 0.035202 0.076549 0.755593 0.262085 2
0 0.821590 0.181533 0.053926 0.014309 0.820788 0.183052 2
0 0.777736 0.387355 0.019795 0.032644 0.777122 0.388334 2
