0 0.105848 0.132807 0.181788 0.265614 0.124949 0.145605 2
0 0.175680 0.379471 0.118385 0.246591 0.190053 0.387747 2
0 0.247900 0.284633 0.113060 0.172733 0.237176 0.297784 2
0 0.301666 0.189889 0.116082 0.194882 0.301666 0.179245 2
0 0.439835 0.147492 0.125341 0.179512 0.446186 0.142178 2
0 0.534914 0.078262 0.028234 0.133632 0.533563 0.080501 2
0 0.496013 0.035881 0.053286 0.071762 0.481316 0.001744 2
0 0.508568 0.153304 0.075711 0.058849 0.513004 0.158169 2
0 0.351719 0.088094 0.199064 0.176188 0.357096 0.079359 2
0 0.445283 0.038293 0.153797 0.076585 0.457323 0.046235 2
0 0.392557 0.063506 0.124824 0.127011 0.394788 0.029103 2
0 0.093083 0.431376 0.078818 0.212968 0.104755 0.435196 2
0 0.041983 0.472325 0.074614 0.039927 0.045410 0.476262 2
0 0.031410 0.492627 0.062820 0.287067 0.013860 0.490785 2
0 0.138181 0.814741 0.133976 0.291401 0.161784 0.810353 2
0 0.053223 0.836205 0.106445 0.085280 0.011873 0.836623 2
0 0.351667 0.893431 0.130836 0.211837 0.357096 0.915433 2
0 0.538045 0.836873 0.071511 0.188665 0.540416 0.848045 2
0 0.658934 0.676387 0.177576 0.180834 0.662915 0.643595 2
0 0.516520 0.942693 0.072137 0.113312 0.518144 0.956552 2
0 0.905390 0.952381 0.129835 0.061256 0.901059 0.951983 2
0 0.945442 0.412164 0.108139 0.133066 0.986722 0.451709 2
0 0.812062 0.443549 0.052853 0.076872 0.818822 0.443713 2
0 0.918945 0.144013 0.161133 0.275853 0.930184 0.142178 2
0 0.732911 0.251864 0.117193 0.207077 0.725449 0.247259 2
0 0.830594 0.188183 0.048285 0.084324 0.826532 0.184439 2
0 0.643084 0.133894 0.136032 0.172639 0.641499 0.139894 2
