0 0.197655 0.534055 0.013637 0.029739 0.197705 0.533073 2
0 0.603397 0.994452 0.035003 0.009793 0.604541 0.995378 2
0 0.608376 0.975057 0.004245 0.029166 0.608496 0.975586 2
0 0.690624 0.858260 0.029999 0.012834 0.688330 0.858138 2
0 0.366323 0.665652 0.016244 0.049011 0.366211 0.667904 2
0 0.556821 0.243263 0.015659 0.031499 0.556152 0.247201 2
0 0.378834 0.083872 0.023780 0.055387 0.380176 0.085677 2
0 0.305332 0.016604 0.008387 0.021791 0.307812 0.026432 2
0 0.443518 0.060014 0.033700 0.013405 0.444580 0.059115 2
0 0.710230 0.325788 0.032197 0.052664 0.706738 0.333724 2
0 0.747715 0.355445 0.019649 0.017850 0.747998 0.354362 2
0 0.817309 0.405989 0.020049 0.061176 0.817041 0.404753 2
0 0.825435 0.297786 0.008052 0.053370 0.825049 0.297266 2
0 0.740507 0.114440 0.025505 0.024256 0.738770 0.114779 2
0 0.976766 0.602462 0.033017 0.011923 0.976855 0.602734 2
0 0.711583 0.549690 0.022725 0.044724 0.711572 0.550000 2
0 0.973818 0.933132 0.015153 0.044377 0.974023 0.933724 2
