0 0.072348 0.527815 0.054778 0.100823 0.076544 0.529101 2
0 0.123174 0.691562 0.080109 0.062093 0.119947 0.692378 2
0 0.060977 0.050992 0.083188 0.101983 0.094370 0.059937 2
0 0.146980 0.104253 0.148234 0.208507 0.133898 0.096106 2
0 0.047741 0.216051 0.095483 0.168489 0.047092 0.233548 2
0 0.077602 0.207421 0.137356 0.162206 0.088945 0.234582 2
0 0.097321 0.154499 0.106996 0.147781 0.095483 0.165911 2
0 0.172072 0.168536 0.022445 0.216314 0.167225 0.166377 2
0 0.169546 0.218997 0.172613 0.136392 0.170300 0.207388 2
0 0.199980 0.181776 0.070587 0.202393 0.191251 0.181878 2
0 0.222883 0.064842 0.119075 0.129683 0.227397 0.074555 2
0 0.257895 0.387344 0.119342 0.174574 0.245505 0.387525 2
0 0.450212 0.362662 0.155655 0.067135 0.452443 0.362723 2
0 0.432762 0.155708 0.078499 0.162743 0.429178 0.152797 2
0 0.377515 0.161344 0.118189 0.229736 0.402840 0.132275 2
0 0.429601 0.086318 0.073027 0.145916 0.416016 0.096106 2
0 0.338820 0.338933 0.070322 0.195278 0.332310 0.337922 2
0 0.324525 0.418863 0.086717 0.031726 0.326110 0.409226 2
0 0.477624 0.527712 0.080148 0.172951 0.474144 0.531167 2
0 0.308027 0.462936 0.104735 0.117499 0.304348 0.453408 2
0 0.194535 0.528323 0.206040 0.164404 0.180367 0.503793 2
0 0.199474 0.549366 0.081522 0.177197 0.164900 0.544602 2
0 0.321131 0.752320 0.124900 0.178198 0.333860 0.767816 2
0 0.476985 0.663428 0.153997 0.067650 0.473369 0.676877 2
0 0.498899 0.721713 0.139898 0.064521 0.488870 0.722346 2
0 0.559670 0.786579 0.039159 0.158187 0.558625 0.795718 2
0 0.569019 0.869666 0.067425 0.121374 0.568700 0.881490 2
0 0.555608 0.869781 0.113563 0.186089 0.551649 0.873223 2
0 0.489638 0.962362 0.164016 0.069840 0.473369 0.974496 2
0 0.598106 0.153483 0.078058 0.111463 0.595827 0.161210 2
0 0.580953 0.244865 0.149761 0.076141 0.584976 0.241815 2
0 0.660516 0.203897 0.108860 0.136501 0.657104 0.205485 2
0 0.663146 0.266105 0.153200 0.223837 0.651510 0.278049 2
0 0.777509 0.158434 0.147987 0.124160 0.774089 0.145709 2
0 0.838876 0.204962 0.115878 0.064473 0.843068 0.201513 2
0 0.946124 0.650634 0.060877 0.173584 0.939949 0.654142 2
0 0.635478 0.774670 0.068593 0.164481 0.626054 0.784350 2
0 0.638196 0.734979 0.076056 0.199536 0.638455 0.755415 2
0 0.586954 0.958158 0.173623 0.082382 0.560175 0.993097 2
0 0.100064 0.933291 0.115799 0.037028 0.091270 0.940394 2
0 0.176848 0.988811 0.139265 0.021077 0.179625 0.976562 2
0 0.306766 0.919515 0.175609 0.113332 0.303716 0.953564 2
0 0.284339 0.941161 0.069016 0.116376 0.272830 0.960190 2
