0 0.060565 0.020476 0.080053 0.040953 0.070397 0.006510 2
0 0.052897 0.131727 0.065869 0.118490 0.051291 0.120301 2
0 0.190625 0.074722 0.060569 0.149444 0.195228 0.061424 2
0 0.278915 0.081746 0.143051 0.163493 0.268257 0.067086 2
0 0.358782 0.100068 0.102837 0.200136 0.342561 0.091995 2
0 0.326135 0.144465 0.031765 0.095519 0.329399 0.142380 2
0 0.431155 0.096281 0.075102 0.099638 0.431726 0.094260 2
0 0.475333 0.264626 0.132778 0.078509 0.475883 0.270890 2
0 0.391005 0.240642 0.117550 0.235255 0.393512 0.244848 2
0 0.346009 0.281744 0.098776 0.117455 0.352327 0.282779 2
0 0.275984 0.275995 0.113087 0.121838 0.274626 0.295233 2
0 0.257229 0.304939 0.138293 0.243452 0.267833 0.319010 2
0 0.149344 0.414504 0.060407 0.123641 0.157924 0.411319 2
0 0.218276 0.421944 0.080502 0.133140 0.223842 0.434570 2
0 0.162600 0.169462 0.079942 0.123771 0.166252 0.178149 2
0 0.091730 0.275593 0.183459 0.170978 0.096298 0.244848 2
0 0.134175 0.862790 0.150520 0.140138 0.133662 0.857394 2
0 0.202470 0.838455 0.062392 0.084665 0.201172 0.837579 2
0 0.224776 0.568421 0.140436 0.185957 0.226223 0.568671 2
0 0.245622 0.621346 0.080927 0.145800 0.251274 0.602638 2
0 0.433101 0.578460 0.136885 0.215044 0.421111 0.582258 2
0 0.520163 0.235503 0.020672 0.033552 0.520465 0.235790 2
0 0.626739 0.175506 0.068230 0.112940 0.628736 0.189934 2
0 0.614396 0.128131 0.083150 0.033846 0.623641 0.127661 2
0 0.662092 0.060294 0.186256 0.120588 0.654212 0.017833 2
0 0.826810 0.108052 0.145545 0.048700 0.827021 0.106714 2
0 0.826365 0.083296 0.079707 0.101426 0.829993 0.086334 2
0 0.926406 0.189792 0.127226 0.128242 0.925102 0.177480 2
0 0.781069 0.428624 0.088252 0.119315 0.772673 0.413553 2
0 0.757357 0.554565 0.064519 0.075767 0.762908 0.565274 2
0 0.696853 0.789906 0.157439 0.244880 0.669922 0.774740 2
0 0.902384 0.833069 0.031886 0.052311 0.903023 0.832484 2
0 0.888567 0.723949 0.057895 0.166836 0.890285 0.714731 2
0 0.549511 0.935885 0.114845 0.126928 0.555282 0.949672 2
0 0.427511 0.893495 0.109859 0.102276 0.425781 0.881737 2
