0 0.030655 0.180518 0.026189 0.063950 0.029333 0.176058 2
0 0.050050 0.321773 0.042738 0.015788 0.050375 0.323389 2
0 0.135836 0.833649 0.018782 0.024586 0.139099 0.830211 2
0 0.167016 0.922297 0.017644 0.041363 0.166814 0.921929 2
0 0.723244 0.855810 0.145031 0.107680 0.719835 0.893808 2
0 0.717333 0.929769 0.041029 0.064652 0.724817 0.925511 2
0 0.784336 0.670294 0.022884 0.018205 0.783858 0.670353 2
0 0.676691 0.324374 0.009907 0.033404 0.676541 0.325376 2
0 0.629450 0.305494 0.013216 0.019615 0.629557 0.304543 2
0 0.543574 0.051629 0.045701 0.026066 0.541685 0.050128 2
0 0.256281 0.871540 0.034313 0.035170 0.256023 0.871112 2
0 0.842193 0.408389 0.020409 0.013309 0.843105 0.408416 2
