0 0.019228 0.114948 0.038456 0.037416 0.016656 0.114681 2
0 0.121652 0.488444 0.036272 0.130049 0.120701 0.482185 2
0 0.219538 0.681538 0.038138 0.030580 0.222465 0.683582 2
0 0.311963 0.495035 0.031464 0.131562 0.310994 0.489486 2
0 0.317865 0.571380 0.110364 0.185534 0.303693 0.572844 2
0 0.301090 0.416306 0.072143 0.118882 0.294110 0.412213 2
0 0.539396 0.380764 0.125635 0.142795 0.537794 0.375097 2
0 0.598807 0.446160 0.096007 0.088016 0.593467 0.457238 2
0 0.512865 0.655314 0.167576 0.169486 0.513608 0.665937 2
0 0.630481 0.678590 0.046840 0.037406 0.630887 0.677497 2
0 0.600432 0.777314 0.086844 0.031592 0.598487 0.776674 2
0 0.760909 0.896642 0.082365 0.136404 0.763681 0.898364 2
0 0.821135 0.785677 0.046652 0.042453 0.819354 0.783976 2
0 0.731949 0.323131 0.100883 0.031528 0.733106 0.325204 2
0 0.782580 0.044352 0.111917 0.035953 0.781022 0.050793 2
0 0.355309 0.149959 0.047817 0.104720 0.355715 0.154838 2
