0 0.743281 0.947708 0.037603 0.103282 0.729980 0.966947 2
0 0.651462 0.529088 0.066704 0.090727 0.650302 0.536873 2
0 0.346462 0.679144 0.107392 0.166742 0.351257 0.677734 2
0 0.077474 0.641385 0.126109 0.213759 0.070782 0.634357 2
0 0.317651 0.925263 0.117326 0.082297 0.320575 0.920873 2
0 0.106690 0.878906 0.050293 0.126676 0.110904 0.881652 2
0 0.045522 0.965820 0.036187 0.067057 0.047019 0.977436 2
0 0.189172 0.469094 0.071905 0.041198 0.189635 0.470839 2
0 0.242022 0.231748 0.110232 0.048192 0.245410 0.229348 2
0 0.422213 0.201625 0.011804 0.047825 0.423561 0.203549 2
0 0.682420 0.060955 0.064774 0.037484 0.682643 0.060851 2
0 0.940675 0.319264 0.079832 0.058189 0.938790 0.327922 2
0 0.603591 0.640926 0.117024 0.107171 0.603059 0.637911 2
