0 0.511475 0.581639 0.038320 0.038278 0.512109 0.583659 2
0 0.542665 0.718150 0.005423 0.030394 0.542480 0.716862 2
0 0.398527 0.891933 0.021519 0.014737 0.396582 0.893620 2
0 0.534944 0.944398 0.029904 0.051396 0.535303 0.943359 2
0 0.550454 0.901049 0.032760 0.053293 0.552441 0.900065 2
0 0.656069 0.907635 0.038497 0.020637 0.655322 0.908529 2
0 0.778218 0.336431 0.019840 0.015260 0.778906 0.337435 2
0 0.717538 0.257338 0.047086 0.069759 0.717285 0.257552 2
0 0.774253 0.209349 0.013427 0.040821 0.773682 0.207878 2
0 0.933184 0.113157 0.048752 0.057741 0.933545 0.114323 2
0 0.888210 0.374999 0.025457 0.024014 0.889746 0.377148 2
0 0.253532 0.174943 0.018618 0.046891 0.253397 0.174328 2
0 0.257795 0.209353 0.036802 0.033004 0.258062 0.212598 2
0 0.297546 0.320156 0.025054 0.061721 0.296582 0.320768 2
0 0.351407 0.308981 0.029207 0.018191 0.351709 0.309440 2
0 0.223482 0.579745 0.040618 0.036628 0.222900 0.580534 2
0 0.218230 0.772981 0.035547 0.019887 0.217312 0.773962 2
0 0.253927 0.809805 0.028286 0.025865 0.253271 0.810417 2
0 0.112160 0.838148 0.008857 0.056196 0.112479 0.839261 2
0 0.079921 0.734564 0.033934 0.072739 0.078076 0.730924 2
