0 0.199698 0.090380 0.091332 0.180760 0.220035 0.050256 2
0 0.381982 0.066636 0.148699 0.133272 0.370802 0.054825 2
0 0.422560 0.174814 0.051938 0.157851 0.432480 0.173611 2
0 0.319236 0.423763 0.137952 0.130522 0.317691 0.439739 2
0 0.441443 0.409767 0.112378 0.178909 0.450469 0.413469 2
0 0.135369 0.442728 0.144484 0.277305 0.131802 0.453445 2
0 0.056363 0.386478 0.069719 0.218458 0.063255 0.384706 2
0 0.305664 0.751953 0.065430 0.199548 0.307412 0.748127 2
0 0.352961 0.724327 0.093883 0.200985 0.351957 0.728710 2
0 0.210808 0.898763 0.194439 0.201172 0.228601 0.926307 2
0 0.249022 0.981923 0.073352 0.034852 0.267150 0.995980 2
0 0.582405 0.947855 0.137467 0.102988 0.614943 0.992553 2
0 0.731305 0.724635 0.074689 0.218858 0.742582 0.724141 2
0 0.693087 0.666501 0.130575 0.094668 0.668054 0.680738 2
0 0.552025 0.488172 0.089628 0.106151 0.549839 0.493421 2
0 0.658670 0.407195 0.118207 0.045583 0.662915 0.422606 2
0 0.859112 0.254107 0.146935 0.155973 0.867650 0.248995 2
0 0.971290 0.264882 0.056444 0.121077 0.978403 0.268830 2
0 0.836503 0.904036 0.042488 0.141485 0.841951 0.905747 2
0 0.839681 0.886502 0.042948 0.156368 0.849661 0.889757 2
