0 0.484639 0.774682 0.029251 0.033591 0.484426 0.777230 2
0 0.434992 0.722272 0.019665 0.032922 0.435598 0.724689 2
0 0.260498 0.512370 0.032015 0.040365 0.258275 0.507675 2
0 0.831589 0.729599 0.032367 0.050344 0.832489 0.730485 2
0 0.519775 0.410482 0.028809 0.035044 0.520231 0.411394 2
0 0.678955 0.352214 0.043457 0.038179 0.677566 0.354327 2
0 0.899772 0.277974 0.030534 0.022177 0.899402 0.277167 2
0 0.861572 0.875651 0.035311 0.036458 0.860822 0.875965 2
0 0.840005 0.746366 0.018046 0.040819 0.839723 0.745756 2
0 0.960994 0.218266 0.034592 0.036939 0.960889 0.222512 2
