0 0.027239 0.122868 0.054477 0.086414 0.003662 0.109456 2
0 0.120652 0.264039 0.037603 0.122114 0.121340 0.266781 2
0 0.174971 0.288779 0.038263 0.142417 0.167778 0.287724 2
0 0.257753 0.296824 0.146215 0.092802 0.254849 0.305935 2
0 0.246017 0.446640 0.018915 0.081154 0.243207 0.447181 2
0 0.376964 0.504617 0.155296 0.148026 0.366338 0.476619 2
0 0.405826 0.554341 0.027362 0.115890 0.403981 0.563472 2
0 0.476868 0.511547 0.087043 0.050913 0.475160 0.508454 2
0 0.534690 0.713734 0.104864 0.083119 0.532240 0.710644 2
0 0.413029 0.198886 0.061353 0.166002 0.411345 0.196954 2
0 0.637831 0.089236 0.198589 0.178472 0.628312 0.043535 2
0 0.696061 0.138266 0.079114 0.099758 0.686906 0.142040 2
0 0.585398 0.110985 0.085744 0.080509 0.568020 0.105808 2
0 0.770947 0.134987 0.043453 0.022697 0.771567 0.134335 2
0 0.758379 0.071674 0.035501 0.019114 0.759188 0.070606 2
0 0.558376 0.440373 0.066630 0.049303 0.548746 0.443350 2
0 0.600309 0.558878 0.146749 0.235119 0.574191 0.560263 2
0 0.545570 0.649662 0.149166 0.165016 0.540837 0.645081 2
0 0.465537 0.714325 0.054729 0.097572 0.457279 0.737236 2
0 0.755840 0.641469 0.114697 0.053772 0.758500 0.649666 2
0 0.739655 0.548172 0.091408 0.101398 0.750248 0.568515 2
0 0.857564 0.388895 0.054102 0.116489 0.853749 0.393376 2
0 0.945757 0.241605 0.107510 0.077064 0.963097 0.250330 2
0 0.176412 0.591139 0.081114 0.126537 0.169327 0.591542 2
0 0.007603 0.413969 0.015206 0.021597 0.000610 0.417887 2
0 0.753016 0.955897 0.073120 0.026864 0.751454 0.960797 2
0 0.807450 0.937469 0.091030 0.123760 0.796082 0.946447 2
0 0.337646 0.799154 0.152052 0.258464 0.312415 0.796479 2
0 0.222924 0.878779 0.138234 0.131264 0.225798 0.873471 2
0 0.268555 0.890324 0.019907 0.159255 0.263587 0.890455 2
0 0.158935 0.944472 0.143763 0.075552 0.153193 0.934613 2
