0 0.276691 0.077605 0.003976 0.010417 0.276709 0.077604 2
0 0.346694 0.947366 0.021755 0.034267 0.348227 0.947037 2
0 0.275165 0.646782 0.018671 0.046199 0.276195 0.646069 2
0 0.268716 0.331647 0.024751 0.016108 0.266846 0.332357 2
0 0.461275 0.195559 0.007469 0.034414 0.461719 0.197331 2
0 0.433885 0.089374 0.047601 0.017569 0.436133 0.088281 2
0 0.519081 0.972944 0.030202 0.052811 0.520792 0.972236 2
0 0.575929 0.852655 0.011833 0.034454 0.576313 0.848783 2
0 0.648536 0.925754 0.021861 0.031492 0.648340 0.924870 2
0 0.798310 0.424216 0.015346 0.030268 0.798242 0.424805 2
0 0.827204 0.541157 0.007161 0.047557 0.828027 0.538997 2
0 0.984088 0.796019 0.030848 0.015063 0.992090 0.795638 2
