0 0.085391 0.986797 0.052610 0.025103 0.083135 0.998585 2
0 0.105749 0.939336 0.103396 0.120025 0.070822 0.896116 2
0 0.153977 0.923675 0.056662 0.087745 0.160411 0.937443 2
0 0.467263 0.928704 0.110708 0.141291 0.478006 0.995754 2
0 0.310643 0.835765 0.166902 0.177310 0.307320 0.840070 2
0 0.466322 0.782090 0.058621 0.113663 0.473760 0.786288 2
0 0.418926 0.662578 0.024453 0.089479 0.417714 0.670233 2
0 0.505681 0.687354 0.064836 0.024726 0.509426 0.684386 2
0 0.536617 0.693559 0.122893 0.154753 0.545092 0.684386 2
0 0.561801 0.606326 0.045665 0.097864 0.565048 0.608526 2
0 0.531680 0.509179 0.164491 0.251661 0.516219 0.513417 2
0 0.479776 0.425716 0.075903 0.033107 0.481403 0.425102 2
0 0.341797 0.445189 0.113377 0.040868 0.340863 0.450011 2
0 0.375422 0.424066 0.090995 0.035701 0.365914 0.421139 2
0 0.278076 0.554362 0.115789 0.047526 0.270805 0.547951 2
0 0.213457 0.483422 0.131388 0.131677 0.215183 0.481148 2
0 0.103220 0.513475 0.120160 0.202731 0.120924 0.524173 2
0 0.010158 0.384455 0.020315 0.033803 0.008407 0.383775 2
0 0.146044 0.123586 0.070315 0.171651 0.147673 0.133548 2
0 0.024336 0.096069 0.048673 0.065846 0.002038 0.108073 2
0 0.247054 0.114163 0.068342 0.152918 0.251698 0.104110 2
0 0.262184 0.101998 0.037457 0.171062 0.269531 0.097317 2
0 0.301137 0.093094 0.122914 0.186187 0.280995 0.076936 2
0 0.513121 0.086891 0.157689 0.173782 0.526410 0.078068 2
0 0.460638 0.051259 0.053517 0.040572 0.465693 0.055423 2
0 0.082088 0.669101 0.164176 0.288723 0.097147 0.672498 2
0 0.172764 0.661195 0.055966 0.111088 0.171450 0.664572 2
0 0.210588 0.695748 0.090713 0.095060 0.210088 0.700238 2
0 0.707515 0.678331 0.080333 0.109013 0.707711 0.682688 2
0 0.793457 0.578738 0.170539 0.164760 0.788808 0.589844 2
0 0.834718 0.570683 0.130072 0.118885 0.828295 0.587013 2
0 0.792257 0.371502 0.051063 0.169971 0.794327 0.368490 2
0 0.748963 0.318821 0.105956 0.080338 0.742527 0.331125 2
0 0.723412 0.252189 0.104384 0.209016 0.733611 0.247905 2
0 0.953688 0.167224 0.091647 0.200291 0.975628 0.208277 2
