0 0.022811 0.236202 0.045621 0.142640 0.001902 0.243506 2
0 0.147076 0.066605 0.065487 0.133209 0.132533 0.035511 2
0 0.176292 0.019394 0.045725 0.038788 0.176289 0.010992 2
0 0.139443 0.276036 0.073614 0.185283 0.126826 0.270563 2
0 0.040277 0.517963 0.080553 0.066272 0.039950 0.512378 2
0 0.157471 0.876953 0.020996 0.111085 0.152826 0.872565 2
0 0.400810 0.827995 0.084402 0.139765 0.400771 0.837054 2
0 0.256574 0.705757 0.115984 0.040808 0.256823 0.709382 2
0 0.607910 0.887370 0.122219 0.031250 0.606864 0.886939 2
0 0.288288 0.316420 0.161499 0.134655 0.289798 0.328903 2
0 0.447681 0.193579 0.088107 0.194596 0.439453 0.200386 2
0 0.357903 0.241848 0.066709 0.044877 0.355496 0.239785 2
0 0.517626 0.083673 0.135137 0.087591 0.517451 0.087933 2
0 0.930782 0.258867 0.137459 0.158110 0.946758 0.273945 2
