0 0.774053 0.043170 0.020905 0.086341 0.772334 0.035949 2
0 0.696321 0.176506 0.120944 0.089117 0.698454 0.176913 2
0 0.789090 0.238104 0.109041 0.071053 0.788893 0.233526 2
0 0.894456 0.162553 0.091731 0.198875 0.872962 0.165591 2
0 0.907915 0.218288 0.101859 0.073240 0.896739 0.226732 2
0 0.872857 0.350479 0.154692 0.145432 0.877208 0.372792 2
0 0.963472 0.494300 0.072079 0.225933 0.959579 0.495075 2
0 0.230600 0.057697 0.064397 0.115394 0.229704 0.052933 2
0 0.120208 0.089084 0.148217 0.178169 0.137143 0.092561 2
0 0.115902 0.149872 0.093346 0.144341 0.126953 0.158231 2
0 0.111550 0.345899 0.037316 0.150322 0.112517 0.349581 2
0 0.316373 0.184222 0.145137 0.197697 0.322690 0.173517 2
0 0.333811 0.336486 0.050864 0.032779 0.326512 0.342221 2
0 0.389160 0.378581 0.068372 0.158203 0.390200 0.376189 2
0 0.495136 0.320912 0.119333 0.130074 0.503991 0.328068 2
0 0.493002 0.365499 0.155978 0.110055 0.486158 0.364866 2
0 0.543366 0.375142 0.123242 0.094716 0.556641 0.388644 2
0 0.581855 0.459453 0.046685 0.135603 0.579569 0.451483 2
0 0.652562 0.526618 0.124136 0.100942 0.659392 0.529608 2
0 0.450445 0.643292 0.107455 0.108199 0.436056 0.639436 2
0 0.455310 0.680770 0.057709 0.161533 0.444548 0.676800 2
0 0.582986 0.703825 0.094682 0.112528 0.586787 0.681895 2
0 0.174363 0.767737 0.064939 0.078780 0.179178 0.772475 2
0 0.219457 0.765596 0.061299 0.127981 0.225459 0.761719 2
0 0.022787 0.866769 0.045574 0.066418 0.013587 0.877208 2
0 0.062200 0.888140 0.077705 0.073818 0.061141 0.894758 2
0 0.069644 0.924829 0.126463 0.061515 0.076427 0.915704 2
0 0.032914 0.975313 0.065828 0.048073 0.025051 0.975147 2
0 0.498957 0.945468 0.118770 0.068019 0.502293 0.945709 2
0 0.505638 0.924908 0.103037 0.057700 0.508662 0.932688 2
0 0.936014 0.905549 0.044485 0.173850 0.936226 0.907212 2
0 0.914279 0.823905 0.074590 0.110178 0.909477 0.825691 2
0 0.438998 0.040414 0.018869 0.080829 0.442425 0.027457 2
