0 0.068818 0.842610 0.048202 0.097072 0.068688 0.842677 2
0 0.050502 0.887062 0.014181 0.022474 0.049995 0.887595 2
0 0.100222 0.656763 0.192641 0.228890 0.083676 0.625211 2
0 0.189209 0.628581 0.128418 0.149089 0.186831 0.641341 2
0 0.066420 0.959611 0.007008 0.025921 0.066597 0.959639 2
0 0.045352 0.478524 0.022638 0.019819 0.045047 0.479233 2
0 0.080686 0.452530 0.014080 0.049889 0.081239 0.456977 2
0 0.114909 0.458611 0.023881 0.036282 0.114467 0.458641 2
0 0.198199 0.349093 0.105704 0.156827 0.203885 0.357327 2
0 0.350353 0.397958 0.013003 0.012878 0.349883 0.398852 2
0 0.294946 0.025098 0.079048 0.050196 0.292354 0.021428 2
0 0.510826 0.052028 0.017631 0.076889 0.511629 0.050138 2
0 0.530310 0.144893 0.142651 0.174750 0.535958 0.129570 2
0 0.712720 0.067592 0.173651 0.134905 0.712836 0.113667 2
0 0.566401 0.224519 0.018456 0.041941 0.566579 0.223123 2
0 0.731960 0.202794 0.080024 0.110037 0.728979 0.176863 2
0 0.764776 0.038380 0.079998 0.076761 0.747000 0.050116 2
0 0.774700 0.384119 0.061929 0.036709 0.775002 0.383305 2
0 0.802848 0.413220 0.012804 0.026698 0.802523 0.413057 2
0 0.455067 0.544113 0.123025 0.179404 0.462816 0.548960 2
0 0.572336 0.563270 0.160031 0.232836 0.555011 0.577949 2
0 0.659995 0.721124 0.024253 0.134304 0.653240 0.720382 2
0 0.629483 0.840892 0.068219 0.210453 0.643071 0.837797 2
0 0.689441 0.854005 0.126204 0.072756 0.684717 0.844987 2
0 0.450287 0.769980 0.016170 0.025791 0.450490 0.770414 2
0 0.394122 0.863110 0.041571 0.039488 0.393807 0.864506 2
