0 0.176270 0.182292 0.084963 0.239583 0.157537 0.181079 2
0 0.037977 0.138224 0.075955 0.071504 0.030692 0.131736 2
0 0.171143 0.420248 0.102051 0.068523 0.177128 0.409930 2
0 0.277832 0.163737 0.145911 0.176432 0.272074 0.142971 2
0 0.265164 0.047924 0.064864 0.095848 0.270006 0.051872 2
0 0.219863 0.528704 0.047199 0.135345 0.232053 0.527695 2
0 0.514391 0.356717 0.132237 0.151006 0.522021 0.368342 2
0 0.542166 0.198143 0.013606 0.013262 0.541696 0.197990 2
0 0.605350 0.511042 0.087989 0.017699 0.606093 0.509093 2
0 0.928555 0.823768 0.141913 0.240843 0.922063 0.807229 2
0 0.906205 0.898552 0.096876 0.119357 0.904780 0.883302 2
0 0.757425 0.865398 0.048602 0.101133 0.756338 0.860237 2
0 0.742455 0.762723 0.068702 0.091453 0.744862 0.767369 2
0 0.758397 0.974550 0.076694 0.036771 0.757295 0.969063 2
0 0.696312 0.977152 0.096928 0.044394 0.708946 0.985339 2
0 0.798134 0.414477 0.095086 0.109848 0.798327 0.416240 2
0 0.753123 0.298359 0.091154 0.140989 0.762749 0.300210 2
0 0.936558 0.117734 0.048468 0.043729 0.933638 0.114793 2
0 0.844027 0.063828 0.035295 0.019072 0.851861 0.060328 2
0 0.769315 0.037099 0.102787 0.074198 0.776248 0.029588 2
0 0.704774 0.048917 0.132896 0.088008 0.703439 0.036428 2
