0 0.354669 0.215181 0.113876 0.094572 0.367991 0.198364 2
0 0.194119 0.334871 0.066948 0.057470 0.195058 0.340780 2
0 0.047865 0.311177 0.011304 0.034818 0.049337 0.310940 2
0 0.178512 0.666369 0.102323 0.031781 0.182905 0.669499 2
0 0.124011 0.836909 0.065477 0.202042 0.145830 0.833976 2
0 0.222268 0.633617 0.082641 0.057866 0.220527 0.626096 2
0 0.451516 0.649541 0.039600 0.046998 0.454712 0.652737 2
0 0.577805 0.315895 0.112723 0.076543 0.579580 0.304498 2
0 0.597266 0.180469 0.162570 0.124479 0.602722 0.206163 2
0 0.931885 0.184240 0.135254 0.222667 0.952953 0.201460 2
0 0.799311 0.461739 0.128826 0.161882 0.792828 0.478495 2
0 0.938601 0.566687 0.121821 0.185820 0.946795 0.570857 2
0 0.943088 0.656301 0.112848 0.139486 0.979866 0.619361 2
0 0.379759 0.881646 0.010443 0.034622 0.380707 0.882297 2
0 0.357518 0.916816 0.016225 0.035783 0.357056 0.915527 2
0 0.753593 0.970133 0.015663 0.058432 0.756327 0.998264 2
0 0.846841 0.945282 0.013304 0.024584 0.846488 0.944679 2
0 0.503784 0.081016 0.028736 0.065460 0.508372 0.086127 2
