0 0.329285 0.067396 0.141381 0.134793 0.412869 0.136357 2
0 0.036133 0.145148 0.072266 0.098260 0.034467 0.143886 2
0 0.189105 0.298024 0.082260 0.182331 0.191620 0.299807 2
0 0.334197 0.904706 0.025550 0.028726 0.332736 0.904075 2
0 0.050366 0.734587 0.016975 0.007824 0.049842 0.735146 2
0 0.557090 0.221874 0.103429 0.093006 0.559350 0.210310 2
0 0.707179 0.412629 0.123315 0.098429 0.708131 0.426403 2
0 0.738736 0.099150 0.078748 0.043439 0.738648 0.098469 2
0 0.957645 0.088924 0.083734 0.100185 0.971975 0.079681 2
0 0.952122 0.320471 0.014788 0.076858 0.953951 0.318687 2
0 0.565371 0.902778 0.022454 0.141651 0.565518 0.898635 2
