0 0.102724 0.034701 0.114183 0.069401 0.104755 0.022937 2
0 0.415279 0.248120 0.041373 0.044453 0.413499 0.246795 2
0 0.543569 0.231995 0.098497 0.151584 0.548715 0.213241 2
0 0.351231 0.461438 0.099745 0.071840 0.357159 0.457131 2
0 0.147993 0.521102 0.051398 0.031777 0.162562 0.516985 2
0 0.237652 0.804394 0.179406 0.133061 0.237718 0.820212 2
0 0.098248 0.935008 0.013282 0.010941 0.097304 0.935522 2
0 0.477931 0.941930 0.142090 0.114837 0.495005 0.977464 2
0 0.493340 0.812966 0.092421 0.183596 0.499512 0.814203 2
0 0.720662 0.884449 0.172109 0.164976 0.735215 0.859739 2
0 0.727831 0.845107 0.017340 0.016914 0.727316 0.843941 2
0 0.820783 0.752556 0.055397 0.027488 0.823537 0.757774 2
0 0.874358 0.884042 0.109683 0.214006 0.877391 0.889897 2
0 0.957490 0.745646 0.018582 0.018089 0.957492 0.745502 2
0 0.691091 0.623691 0.026713 0.108751 0.694073 0.621895 2
