0 0.053341 0.244707 0.022644 0.053043 0.054150 0.245638 2
0 0.406820 0.984340 0.011427 0.030018 0.405566 0.995703 2
0 0.760730 0.919218 0.029710 0.021848 0.761963 0.920573 2
0 0.881391 0.854241 0.034468 0.045156 0.878320 0.849740 2
0 0.246688 0.655761 0.044087 0.041530 0.248760 0.658222 2
0 0.301549 0.671728 0.019342 0.017675 0.301324 0.671497 2
0 0.660266 0.215377 0.021201 0.041937 0.658936 0.215951 2
0 0.637255 0.131281 0.033548 0.047447 0.636320 0.131866 2
0 0.496649 0.060226 0.007950 0.010309 0.494922 0.058919 2
0 0.890289 0.589031 0.023671 0.012135 0.891309 0.588932 2
0 0.052718 0.100118 0.032443 0.034028 0.053613 0.100391 2
