0 0.121019 0.333375 0.040704 0.062674 0.120801 0.335026 2
0 0.013589 0.661634 0.027178 0.036764 0.007178 0.666927 2
0 0.232612 0.732505 0.010220 0.018193 0.232813 0.732552 2
0 0.349591 0.795648 0.028501 0.042702 0.349698 0.795807 2
0 0.207287 0.185173 0.032101 0.028528 0.207373 0.187305 2
0 0.277570 0.147800 0.014899 0.049767 0.275684 0.162044 2
0 0.333398 0.216016 0.041263 0.054297 0.332812 0.217187 2
0 0.356876 0.378720 0.037897 0.051580 0.355507 0.377043 2
0 0.607735 0.547210 0.054229 0.032065 0.608169 0.551532 2
0 0.352734 0.092295 0.073763 0.018110 0.352817 0.096915 2
0 0.450661 0.344757 0.008221 0.021176 0.450879 0.343620 2
0 0.456248 0.318245 0.014438 0.030047 0.454785 0.322070 2
0 0.356012 0.859497 0.012768 0.030746 0.356934 0.860482 2
0 0.827297 0.446097 0.025349 0.058662 0.826929 0.447111 2
0 0.785004 0.722689 0.010062 0.027902 0.785254 0.717839 2
