0 0.076599 0.167953 0.153198 0.256671 0.035550 0.197003 2
0 0.112418 0.386588 0.192285 0.209990 0.110934 0.387747 2
0 0.131229 0.511929 0.140279 0.101083 0.138346 0.540799 2
0 0.333299 0.526646 0.181717 0.118801 0.332802 0.517955 2
0 0.291818 0.806811 0.224413 0.252264 0.272838 0.840049 2
0 0.474803 0.833546 0.126965 0.258366 0.458727 0.833196 2
0 0.645917 0.717640 0.165387 0.124082 0.647187 0.702988 2
0 0.604302 0.573378 0.160016 0.095714 0.614635 0.581917 2
0 0.631419 0.545618 0.137294 0.106725 0.640334 0.531661 2
0 0.712226 0.651201 0.090985 0.166327 0.704581 0.644737 2
0 0.783476 0.804097 0.081847 0.114321 0.783392 0.794362 2
0 0.945300 0.753450 0.108423 0.140497 0.964998 0.786367 2
0 0.926855 0.516364 0.109569 0.091321 0.924736 0.523666 2
0 0.895658 0.335510 0.155427 0.138468 0.887901 0.346628 2
0 0.908604 0.234685 0.160958 0.112662 0.901607 0.215278 2
0 0.826502 0.119016 0.137753 0.053489 0.823653 0.130757 2
0 0.691273 0.183006 0.158777 0.070787 0.690875 0.175302 2
0 0.547447 0.191944 0.130051 0.226789 0.554670 0.193576 2
0 0.373485 0.173132 0.191941 0.271605 0.390197 0.139894 2
0 0.419602 0.081116 0.081304 0.145249 0.418466 0.074790 2
0 0.338730 0.058829 0.104197 0.117658 0.347365 0.023392 2
