0 0.143095 0.371497 0.009351 0.037501 0.143848 0.368099 2
0 0.130076 0.395565 0.015074 0.032262 0.130371 0.396680 2
0 0.034589 0.556709 0.021577 0.041836 0.035400 0.554948 2
0 0.097828 0.784541 0.022074 0.045418 0.096436 0.787240 2
0 0.144384 0.910841 0.034773 0.012575 0.145703 0.909570 2
0 0.440611 0.751816 0.010950 0.060200 0.441162 0.751237 2
0 0.460114 0.603786 0.011607 0.010568 0.461475 0.601367 2
0 0.973815 0.786851 0.020262 0.019788 0.975391 0.788932 2
0 0.661182 0.326921 0.022949 0.007606 0.660835 0.326245 2
0 0.459656 0.058735 0.014695 0.053759 0.459619 0.061719 2
0 0.205213 0.091120 0.030306 0.050494 0.205762 0.092187 2
0 0.476330 0.850530 0.015177 0.052038 0.476304 0.852810 2
0 0.655799 0.056317 0.049951 0.057277 0.655469 0.056120 2
