0 0.327442 0.064106 0.093924 0.126635 0.333290 0.079063 2
0 0.199707 0.163737 0.141716 0.207682 0.210933 0.186746 2
0 0.084961 0.362956 0.096921 0.080078 0.083958 0.353367 2
0 0.228529 0.367701 0.061496 0.165640 0.229314 0.380851 2
0 0.569340 0.081357 0.079094 0.147182 0.579569 0.086428 2
0 0.662842 0.096440 0.111816 0.192879 0.677255 0.091822 2
0 0.284656 0.369040 0.110212 0.181036 0.279922 0.368200 2
0 0.288208 0.436338 0.168220 0.155911 0.270856 0.403480 2
0 0.207962 0.480003 0.143637 0.238852 0.225283 0.490953 2
0 0.212763 0.594710 0.102089 0.070418 0.212815 0.595971 2
0 0.177698 0.572171 0.062349 0.134087 0.174819 0.576908 2
0 0.318735 0.514879 0.111229 0.081065 0.318072 0.515290 2
0 0.401367 0.447266 0.049807 0.174479 0.410713 0.457608 2
0 0.508052 0.515827 0.181441 0.181203 0.503853 0.486299 2
0 0.446994 0.551704 0.138626 0.175022 0.442225 0.573112 2
0 0.442199 0.885716 0.097682 0.092934 0.442829 0.881594 2
0 0.672201 0.418523 0.073520 0.110896 0.682686 0.417209 2
0 0.548046 0.493927 0.022421 0.032671 0.546047 0.493236 2
0 0.571998 0.595900 0.029074 0.050141 0.574327 0.595926 2
0 0.482958 0.666512 0.018742 0.031068 0.481503 0.665052 2
0 0.909551 0.621196 0.144949 0.183656 0.906356 0.631334 2
0 0.923610 0.772188 0.107839 0.050886 0.925523 0.762447 2
0 0.812493 0.793989 0.057706 0.053061 0.812988 0.797960 2
0 0.631213 0.828220 0.066462 0.103976 0.631143 0.821533 2
0 0.608928 0.890933 0.133991 0.113967 0.609471 0.881198 2
0 0.503235 0.871196 0.041082 0.173382 0.501127 0.868289 2
0 0.516622 0.714088 0.127704 0.222807 0.517762 0.708240 2
0 0.477418 0.739338 0.043580 0.089794 0.478730 0.732831 2
0 0.927746 0.891388 0.045465 0.014585 0.929229 0.892844 2
