0 0.983360 0.747349 0.017607 0.065154 0.984955 0.741536 2
0 0.891564 0.525272 0.033265 0.154728 0.900269 0.523844 2
0 0.964442 0.192168 0.070139 0.120039 0.996399 0.203410 2
0 0.922046 0.273631 0.112744 0.133498 0.921631 0.262410 2
0 0.695468 0.417445 0.097569 0.105279 0.701141 0.421102 2
0 0.706372 0.364432 0.061026 0.027742 0.709534 0.362101 2
0 0.657209 0.249055 0.112897 0.129976 0.664520 0.253255 2
0 0.778879 0.191097 0.087157 0.126655 0.785828 0.189168 2
0 0.618100 0.177918 0.119000 0.158667 0.618744 0.177979 2
0 0.570972 0.526875 0.046364 0.020902 0.571442 0.525879 2
0 0.537969 0.544399 0.038790 0.033490 0.537872 0.545207 2
0 0.509151 0.594563 0.072852 0.137290 0.494385 0.638794 2
0 0.319767 0.736230 0.120980 0.198816 0.324249 0.737467 2
0 0.396630 0.893006 0.101315 0.095901 0.397491 0.884969 2
0 0.404474 0.962076 0.052834 0.074545 0.415039 0.981608 2
0 0.443096 0.272194 0.063725 0.145441 0.442505 0.272583 2
0 0.339847 0.255611 0.080188 0.154245 0.332642 0.258341 2
0 0.275326 0.316658 0.112420 0.244705 0.246429 0.323446 2
0 0.520029 0.840080 0.072323 0.147076 0.516510 0.837158 2
0 0.961806 0.053941 0.075412 0.090211 0.984192 0.067098 2
0 0.298946 0.053615 0.114309 0.107230 0.300598 0.081340 2
0 0.379354 0.053615 0.152902 0.107230 0.383759 0.036580 2
0 0.418061 0.133930 0.097841 0.061490 0.418091 0.135254 2
0 0.284553 0.129995 0.062594 0.110529 0.296021 0.124064 2
0 0.107234 0.162560 0.073906 0.059495 0.102997 0.163737 2
0 0.037279 0.255585 0.074558 0.064456 0.018311 0.267497 2
0 0.032016 0.393141 0.064032 0.038273 0.020599 0.389567 2
0 0.076454 0.523284 0.050591 0.053150 0.077820 0.526896 2
