0 0.516848 0.211753 0.013577 0.074077 0.517139 0.212435 2
0 0.715697 0.115146 0.025292 0.008624 0.714844 0.113867 2
0 0.801556 0.153919 0.039966 0.010219 0.801318 0.153516 2
0 0.850303 0.201779 0.033253 0.042391 0.850146 0.199609 2
0 0.950573 0.136162 0.039268 0.034485 0.953405 0.139723 2
0 0.982494 0.070087 0.011901 0.065102 0.981431 0.073151 2
0 0.990194 0.081341 0.013600 0.059952 0.989014 0.079948 2
0 0.972925 0.030229 0.023307 0.028140 0.977330 0.034504 2
0 0.868910 0.324114 0.018423 0.008185 0.866650 0.323698 2
0 0.860343 0.982527 0.023430 0.028471 0.865381 0.987565 2
0 0.950901 0.898383 0.020261 0.008973 0.951416 0.898112 2
0 0.952484 0.918583 0.033409 0.025935 0.955086 0.918214 2
0 0.373220 0.880848 0.011693 0.060518 0.371777 0.884310 2
0 0.226101 0.819525 0.027752 0.050110 0.225684 0.820964 2
0 0.273862 0.250981 0.035771 0.015097 0.272852 0.251562 2
0 0.409678 0.505157 0.027142 0.008876 0.410010 0.505078 2
0 0.906349 0.435254 0.039776 0.044346 0.906543 0.435482 2
