0 0.037695 0.503581 0.015649 0.028619 0.037738 0.502483 2
0 0.005974 0.414045 0.011949 0.047536 0.001880 0.418421 2
0 0.093973 0.236890 0.061641 0.051720 0.095808 0.238544 2
0 0.193453 0.836185 0.034027 0.074501 0.190823 0.830390 2
0 0.708137 0.699107 0.063189 0.048858 0.706836 0.701302 2
0 0.689849 0.680326 0.039623 0.047239 0.688086 0.681966 2
0 0.578398 0.341371 0.030711 0.044411 0.580078 0.345443 2
0 0.810721 0.466727 0.032124 0.010008 0.811757 0.467226 2
0 0.913989 0.056966 0.007080 0.027995 0.914453 0.057747 2
0 0.894874 0.343294 0.049119 0.025864 0.892623 0.344738 2
0 0.586459 0.941610 0.023891 0.061447 0.588256 0.938400 2
0 0.369932 0.867931 0.022730 0.020562 0.369917 0.871425 2
