0 0.133479 0.775561 0.008213 0.025861 0.132715 0.776302 2
0 0.351132 0.852258 0.040211 0.020291 0.348730 0.850391 2
0 0.317098 0.420588 0.012220 0.040809 0.317870 0.419793 2
0 0.452622 0.364283 0.018396 0.039760 0.452930 0.364258 2
0 0.552904 0.345136 0.008954 0.041561 0.552330 0.347380 2
0 0.805228 0.393305 0.035596 0.012208 0.804639 0.393164 2
0 0.748512 0.293118 0.051072 0.046780 0.748291 0.291862 2
0 0.761600 0.259408 0.032149 0.038143 0.762256 0.259570 2
0 0.943011 0.406899 0.015305 0.029214 0.943213 0.403581 2
0 0.584561 0.037491 0.025241 0.011290 0.586328 0.037370 2
0 0.864978 0.021970 0.032835 0.043940 0.862988 0.009961 2
0 0.859329 0.700393 0.039041 0.016336 0.858496 0.699740 2
0 0.579387 0.809011 0.043025 0.041383 0.576514 0.805729 2
0 0.986050 0.464972 0.026923 0.035544 0.994092 0.471159 2
