0 0.820640 0.075011 0.012776 0.029207 0.821271 0.076411 2
0 0.815623 0.136777 0.045687 0.043842 0.816837 0.134611 2
0 0.845970 0.118396 0.006032 0.024127 0.846145 0.117255 2
0 0.893397 0.258829 0.168292 0.103213 0.904647 0.243164 2
0 0.830218 0.418109 0.073726 0.200015 0.831635 0.410224 2
0 0.674024 0.685338 0.095569 0.118151 0.663664 0.680167 2
0 0.664246 0.622215 0.099815 0.127380 0.667186 0.632254 2
0 0.505395 0.684968 0.073025 0.187889 0.505462 0.689140 2
0 0.450338 0.629995 0.068438 0.084045 0.455910 0.631993 2
0 0.302103 0.791143 0.063681 0.201924 0.313388 0.789102 2
0 0.325449 0.951945 0.032774 0.080081 0.336629 0.980877 2
0 0.132314 0.899612 0.015365 0.045882 0.134344 0.898253 2
0 0.191192 0.772113 0.071473 0.031913 0.189976 0.770179 2
0 0.080264 0.750291 0.015928 0.026673 0.078445 0.750612 2
0 0.794194 0.905474 0.012925 0.008520 0.793978 0.905460 2
0 0.805448 0.984870 0.019218 0.028958 0.804092 0.996507 2
0 0.974174 0.472691 0.050675 0.143293 0.977805 0.483606 2
