0 0.738175 0.014056 0.034679 0.028113 0.744504 0.005552 2
0 0.917368 0.080655 0.149190 0.161309 0.931386 0.073126 2
0 0.176692 0.843871 0.077794 0.185886 0.175273 0.837887 2
0 0.370552 0.802100 0.042740 0.116647 0.368134 0.801176 2
0 0.494831 0.808489 0.142191 0.239308 0.480715 0.813082 2
0 0.422901 0.745939 0.048056 0.127450 0.440341 0.754222 2
0 0.608168 0.752335 0.119897 0.210761 0.623696 0.755254 2
0 0.618504 0.392313 0.107957 0.153892 0.612867 0.384509 2
0 0.849572 0.552378 0.148047 0.215412 0.849293 0.549479 2
0 0.674121 0.716726 0.103756 0.047158 0.670410 0.732171 2
