0 0.775730 0.172158 0.086617 0.211031 0.772981 0.166802 2
0 0.485321 0.191895 0.045566 0.109303 0.490792 0.189631 2
0 0.378057 0.174140 0.021739 0.169780 0.381722 0.169338 2
0 0.206558 0.025960 0.046951 0.051920 0.221921 0.003619 2
0 0.274093 0.046369 0.021213 0.092737 0.273919 0.024756 2
0 0.317906 0.048088 0.102753 0.096177 0.318943 0.046740 2
0 0.343836 0.206641 0.017994 0.043544 0.343674 0.206541 2
0 0.404707 0.285562 0.035629 0.052449 0.408355 0.283482 2
0 0.255125 0.379357 0.157583 0.116285 0.253627 0.365496 2
0 0.193051 0.410305 0.043755 0.101083 0.190802 0.412304 2
0 0.168064 0.500050 0.173818 0.186814 0.165483 0.485559 2
0 0.061465 0.501269 0.052649 0.147767 0.060217 0.496550 2
0 0.149170 0.559245 0.135254 0.099001 0.150898 0.546435 2
0 0.493903 0.663101 0.117577 0.164488 0.485719 0.663116 2
0 0.508789 0.498056 0.153732 0.134282 0.512987 0.484713 2
0 0.621500 0.500512 0.140557 0.080688 0.622058 0.503314 2
0 0.825139 0.362357 0.147050 0.118456 0.827538 0.352428 2
0 0.714743 0.668084 0.055463 0.102160 0.722885 0.667343 2
0 0.160384 0.937500 0.097249 0.123698 0.186409 0.961580 2
0 0.294976 0.918366 0.063178 0.127776 0.287870 0.921841 2
0 0.393847 0.906100 0.112548 0.078552 0.386161 0.913386 2
