0 0.921286 0.019145 0.062260 0.038289 0.892853 0.007080 2
0 0.889634 0.094947 0.161006 0.168087 0.882172 0.070150 2
0 0.943607 0.074373 0.088267 0.148746 0.953888 0.065063 2
0 0.897714 0.402761 0.122064 0.147296 0.896667 0.405843 2
0 0.891459 0.536511 0.136029 0.253286 0.911163 0.530965 2
0 0.840708 0.499401 0.077041 0.217002 0.856232 0.476034 2
0 0.803006 0.560424 0.043103 0.049129 0.800537 0.563517 2
0 0.956424 0.606320 0.086175 0.085136 0.981354 0.611328 2
0 0.684588 0.943020 0.056230 0.112659 0.685333 0.964315 2
0 0.718483 0.901427 0.036643 0.142704 0.718140 0.897176 2
0 0.584768 0.713687 0.117069 0.066549 0.587677 0.713053 2
0 0.593327 0.741829 0.089764 0.106552 0.600647 0.732381 2
0 0.595881 0.626700 0.102184 0.183087 0.591492 0.621501 2
0 0.588834 0.534301 0.114905 0.164178 0.599884 0.550293 2
0 0.584496 0.404741 0.038432 0.153679 0.589203 0.411947 2
0 0.708128 0.283782 0.038874 0.185539 0.712799 0.273600 2
0 0.606267 0.253688 0.053959 0.058922 0.609039 0.256307 2
0 0.695843 0.097866 0.068466 0.187265 0.691437 0.096598 2
0 0.430887 0.239814 0.146272 0.099518 0.435852 0.224772 2
0 0.352660 0.602369 0.140032 0.149250 0.351166 0.597087 2
0 0.414725 0.672456 0.169991 0.143430 0.406860 0.703898 2
0 0.481489 0.714744 0.084990 0.159980 0.493835 0.721191 2
0 0.335786 0.703639 0.174821 0.183393 0.338959 0.700846 2
0 0.407551 0.830290 0.028870 0.187459 0.416016 0.829020 2
0 0.397920 0.923882 0.138442 0.150935 0.401520 0.913452 2
0 0.190350 0.739613 0.090100 0.153567 0.194763 0.741536 2
0 0.083017 0.665268 0.046224 0.135111 0.092529 0.671346 2
0 0.104355 0.480548 0.154285 0.194471 0.105499 0.499430 2
0 0.081844 0.433847 0.120010 0.181060 0.083374 0.429240 2
0 0.105330 0.297157 0.021944 0.102645 0.104736 0.292928 2
0 0.024756 0.291889 0.049511 0.112414 0.000977 0.318359 2
0 0.027428 0.389018 0.054856 0.131810 0.020050 0.372274 2
0 0.077134 0.025248 0.057734 0.050496 0.076508 0.011149 2
