0 0.157040 0.170847 0.115799 0.205433 0.164998 0.157717 2
0 0.199276 0.486679 0.029412 0.196002 0.207425 0.478914 2
0 0.180400 0.439893 0.018212 0.026931 0.181057 0.437964 2
0 0.080676 0.546581 0.134002 0.142761 0.087028 0.544967 2
0 0.662673 0.166734 0.116530 0.077185 0.660156 0.167356 2
0 0.444824 0.358243 0.143555 0.239923 0.459041 0.372320 2
0 0.577981 0.675413 0.054281 0.145775 0.573259 0.670341 2
0 0.351183 0.809114 0.028893 0.039924 0.350825 0.811724 2
0 0.722419 0.400100 0.099448 0.078508 0.718665 0.423621 2
0 0.933473 0.567004 0.030474 0.140888 0.927672 0.566545 2
0 0.385630 0.158160 0.062866 0.173729 0.379046 0.217122 2
