0 0.753796 0.208821 0.020729 0.026369 0.755908 0.212565 2
0 0.414568 0.391591 0.032912 0.013521 0.418115 0.391667 2
0 0.368385 0.398930 0.029332 0.035078 0.369971 0.397135 2
0 0.239703 0.320935 0.019702 0.029605 0.238330 0.318945 2
0 0.023699 0.779768 0.017630 0.008307 0.023682 0.779753 2
0 0.025296 0.325171 0.017129 0.027541 0.034082 0.333594 2
0 0.285045 0.898453 0.031574 0.017932 0.282568 0.896940 2
0 0.736166 0.925132 0.018341 0.044632 0.736523 0.926693 2
0 0.736230 0.886633 0.035579 0.066257 0.735254 0.889518 2
0 0.826215 0.756700 0.021159 0.033543 0.825586 0.757812 2
0 0.986227 0.359649 0.026569 0.033044 0.991113 0.357161 2
