0 0.147290 0.301819 0.021420 0.011670 0.148517 0.302321 2
0 0.256532 0.508012 0.016375 0.026206 0.256296 0.507426 2
0 0.313479 0.617668 0.030493 0.030607 0.312636 0.617841 2
0 0.415479 0.669229 0.141670 0.093477 0.420195 0.670405 2
0 0.434633 0.701453 0.186309 0.178573 0.441873 0.713340 2
0 0.344109 0.750239 0.017817 0.012185 0.344502 0.749804 2
0 0.316227 0.769462 0.008297 0.026370 0.314752 0.769183 2
0 0.641661 0.644014 0.029924 0.031223 0.641200 0.644955 2
0 0.485991 0.826245 0.204989 0.204802 0.481231 0.792475 2
0 0.238749 0.907630 0.118123 0.183438 0.277430 0.956198 2
0 0.723350 0.859227 0.180176 0.263318 0.707692 0.847757 2
0 0.938990 0.492436 0.121044 0.204636 0.974754 0.497251 2
0 0.662783 0.273460 0.177643 0.235380 0.657371 0.285060 2
