0 0.100830 0.184570 0.114746 0.128657 0.097870 0.180054 2
0 0.307778 0.182808 0.049150 0.129194 0.302338 0.186157 2
0 0.441366 0.178001 0.075387 0.112193 0.445770 0.178019 2
0 0.865916 0.289782 0.130208 0.188156 0.860809 0.300090 2
0 0.788254 0.204212 0.062416 0.124350 0.794434 0.206502 2
0 0.862320 0.473601 0.107714 0.187078 0.864624 0.477091 2
0 0.844322 0.716427 0.042828 0.114350 0.844788 0.719198 2
0 0.924698 0.904770 0.149627 0.189157 0.920319 0.919596 2
0 0.839862 0.941702 0.088368 0.049171 0.844025 0.948079 2
0 0.670684 0.920421 0.114021 0.116376 0.673889 0.932821 2
0 0.616369 0.822447 0.116531 0.102295 0.617432 0.818888 2
0 0.674599 0.668400 0.106551 0.108496 0.678467 0.666300 2
0 0.572477 0.465039 0.101639 0.078502 0.573944 0.472005 2
0 0.508456 0.496800 0.113559 0.111502 0.505280 0.503540 2
0 0.442620 0.474941 0.050575 0.160227 0.441956 0.469971 2
0 0.559069 0.668294 0.037126 0.077474 0.560211 0.671387 2
0 0.432896 0.697351 0.069492 0.052398 0.433563 0.696818 2
0 0.320615 0.677872 0.117435 0.195301 0.313019 0.674438 2
0 0.104012 0.908161 0.064059 0.164631 0.110077 0.906372 2
0 0.252912 0.876420 0.152669 0.151139 0.243591 0.896200 2
0 0.228859 0.932220 0.061371 0.104327 0.235199 0.935872 2
0 0.198434 0.773455 0.154073 0.182115 0.197052 0.749715 2
0 0.125548 0.664694 0.160128 0.276704 0.148987 0.644938 2
0 0.194564 0.676524 0.100523 0.175272 0.194763 0.676473 2
0 0.038941 0.674194 0.054808 0.201058 0.045990 0.675456 2
0 0.034953 0.497330 0.030637 0.132518 0.042175 0.486247 2
