0 0.020752 0.715495 0.040527 0.024749 0.021145 0.718184 2
0 0.100788 0.832090 0.021024 0.037348 0.102121 0.829427 2
0 0.370227 0.171809 0.028465 0.038930 0.367885 0.169085 2
0 0.356201 0.023438 0.011230 0.046875 0.356724 0.021205 2
0 0.709310 0.817600 0.050130 0.055713 0.707628 0.817419 2
0 0.594971 0.727539 0.029785 0.030599 0.597087 0.728805 2
0 0.567264 0.872274 0.017165 0.036849 0.563856 0.868056 2
0 0.791992 0.755859 0.031288 0.036458 0.794434 0.757740 2
0 0.873420 0.845021 0.051012 0.031313 0.872434 0.846078 2
0 0.871704 0.439354 0.044230 0.063604 0.872021 0.443315 2
0 0.686935 0.798065 0.019970 0.032087 0.684570 0.801143 2
