0 0.071550 0.942873 0.016586 0.052455 0.073908 0.949087 2
0 0.268091 0.795447 0.023407 0.020824 0.270319 0.795056 2
0 0.444898 0.777637 0.076671 0.092774 0.446775 0.781017 2
0 0.443479 0.799592 0.023880 0.021001 0.444329 0.797905 2
0 0.273102 0.294925 0.035267 0.026022 0.275549 0.293497 2
0 0.518154 0.442695 0.031661 0.024189 0.518506 0.443229 2
0 0.535242 0.286584 0.017485 0.029827 0.537402 0.289128 2
0 0.548898 0.124764 0.009415 0.042270 0.549424 0.125341 2
0 0.476234 0.161666 0.009167 0.029500 0.476492 0.165631 2
0 0.733099 0.778564 0.009088 0.033760 0.732624 0.781369 2
0 0.826732 0.712100 0.070569 0.068994 0.827356 0.713946 2
0 0.842572 0.919213 0.026159 0.041777 0.844311 0.916559 2
0 0.971700 0.940757 0.043989 0.117184 0.974561 0.942448 2
0 0.972620 0.789729 0.030265 0.008471 0.972217 0.790495 2
0 0.841325 0.201571 0.029734 0.044509 0.842578 0.199544 2
0 0.792145 0.108555 0.042436 0.062488 0.792627 0.110872 2
0 0.584566 0.520598 0.072048 0.024387 0.582891 0.523187 2
