0 0.193730 0.081096 0.012660 0.056175 0.194423 0.082581 2
0 0.122245 0.614179 0.029263 0.010574 0.122363 0.612630 2
0 0.086810 0.489843 0.022570 0.036843 0.084929 0.491095 2
0 0.266936 0.858706 0.026848 0.009711 0.266846 0.858724 2
0 0.325907 0.740647 0.035963 0.041605 0.322724 0.743834 2
0 0.607924 0.953856 0.007747 0.031286 0.608057 0.955208 2
0 0.488232 0.614248 0.045042 0.022598 0.489111 0.613932 2
0 0.716094 0.788014 0.052092 0.048368 0.717241 0.789242 2
0 0.637268 0.094371 0.021117 0.040438 0.635352 0.098242 2
0 0.849916 0.988762 0.007631 0.021174 0.848873 0.997561 2
