0 0.146451 0.279886 0.057254 0.044197 0.146389 0.279923 2
0 0.133251 0.348051 0.008559 0.019804 0.132897 0.349709 2
0 0.193523 0.367687 0.036402 0.045133 0.193421 0.366836 2
0 0.347994 0.439204 0.054502 0.049888 0.349279 0.441364 2
0 0.550813 0.623917 0.037204 0.022573 0.553173 0.626170 2
0 0.657053 0.467438 0.030796 0.036272 0.654624 0.466962 2
0 0.791714 0.578877 0.022015 0.028848 0.789006 0.577711 2
0 0.934700 0.529785 0.030990 0.040038 0.938292 0.533713 2
0 0.880041 0.672390 0.031159 0.034573 0.880623 0.674676 2
0 0.871319 0.422752 0.044548 0.078096 0.868304 0.431311 2
0 0.875375 0.899113 0.068459 0.040414 0.876924 0.901442 2
