0 0.150200 0.462157 0.011708 0.070849 0.149889 0.456730 2
0 0.277381 0.496707 0.036252 0.019625 0.277962 0.496478 2
0 0.452406 0.223081 0.080631 0.083863 0.450694 0.224543 2
0 0.496521 0.282567 0.029578 0.035873 0.491948 0.279284 2
0 0.354801 0.032513 0.028279 0.030182 0.355745 0.032463 2
0 0.871325 0.133976 0.028489 0.025777 0.872415 0.132506 2
0 0.513169 0.469873 0.085908 0.065124 0.515180 0.471533 2
0 0.422315 0.587168 0.039774 0.061001 0.421108 0.588334 2
0 0.528678 0.900372 0.061654 0.021795 0.528516 0.898958 2
0 0.602838 0.861942 0.032239 0.072901 0.605064 0.867088 2
0 0.037899 0.828748 0.033067 0.047820 0.037394 0.831883 2
