0 0.043058 0.038411 0.018318 0.076823 0.043315 0.012732 2
0 0.094975 0.513589 0.069786 0.065544 0.095901 0.510709 2
0 0.042718 0.485023 0.026098 0.013951 0.039392 0.487447 2
0 0.174709 0.677868 0.006985 0.019765 0.175723 0.676584 2
0 0.598731 0.520708 0.016362 0.054234 0.596628 0.522759 2
0 0.720556 0.817796 0.202515 0.222340 0.715664 0.767382 2
0 0.665251 0.750071 0.117941 0.200246 0.665583 0.754568 2
0 0.643066 0.345530 0.112222 0.133116 0.650368 0.330529 2
0 0.707507 0.403983 0.096580 0.134790 0.705841 0.404879 2
0 0.790430 0.220415 0.125820 0.046057 0.790506 0.210631 2
0 0.779585 0.124871 0.097007 0.228815 0.796968 0.114411 2
0 0.579372 0.072841 0.019999 0.018846 0.580266 0.073618 2
0 0.986271 0.091729 0.026482 0.014572 0.987254 0.091433 2
