0 0.048784 0.097096 0.097568 0.064933 0.036430 0.091089 2
0 0.125926 0.026956 0.045849 0.053911 0.127717 0.019192 2
0 0.121125 0.459583 0.095429 0.031145 0.121349 0.457937 2
0 0.046261 0.423965 0.066942 0.079479 0.044073 0.425102 2
0 0.190740 0.518996 0.089720 0.081381 0.191406 0.514549 2
0 0.222129 0.575363 0.027832 0.124770 0.222401 0.575691 2
0 0.311533 0.418325 0.177867 0.235468 0.334494 0.391135 2
0 0.306710 0.310765 0.030387 0.089700 0.311566 0.319237 2
0 0.310055 0.532522 0.164056 0.134175 0.314538 0.569463 2
0 0.363801 0.539451 0.088786 0.046686 0.363366 0.536628 2
0 0.404299 0.619545 0.074358 0.050414 0.404552 0.613055 2
0 0.506628 0.625913 0.124851 0.123763 0.513672 0.629472 2
0 0.530481 0.671600 0.134918 0.150688 0.524711 0.697407 2
0 0.520849 0.804447 0.098929 0.166770 0.508152 0.799875 2
0 0.561713 0.856855 0.107107 0.099624 0.562925 0.856488 2
0 0.382576 0.913438 0.148910 0.171821 0.373556 0.933481 2
0 0.242326 0.894760 0.159943 0.172733 0.241508 0.876868 2
0 0.749091 0.769989 0.084930 0.096355 0.754416 0.763077 2
0 0.750993 0.700634 0.093862 0.172644 0.739980 0.686651 2
0 0.959132 0.744752 0.080759 0.158486 0.954399 0.751189 2
0 0.728092 0.509553 0.126006 0.190749 0.730639 0.518512 2
0 0.830593 0.493386 0.078634 0.218674 0.852497 0.491338 2
0 0.874211 0.519847 0.132181 0.201006 0.886464 0.528702 2
0 0.903072 0.624605 0.093976 0.173875 0.909817 0.617584 2
0 0.644269 0.364654 0.142385 0.178172 0.638077 0.373585 2
0 0.645396 0.456082 0.158817 0.191881 0.640200 0.470392 2
0 0.453138 0.410391 0.080224 0.165433 0.461447 0.401891 2
0 0.515179 0.309118 0.118558 0.098430 0.511974 0.283005 2
0 0.509647 0.424798 0.067839 0.121584 0.503906 0.429065 2
0 0.436746 0.169237 0.126500 0.139449 0.438094 0.131850 2
0 0.325160 0.245830 0.094042 0.138583 0.324728 0.239980 2
0 0.188555 0.138563 0.094236 0.181563 0.198200 0.125057 2
0 0.226884 0.119881 0.033136 0.124926 0.223675 0.123358 2
0 0.261537 0.158489 0.097016 0.095843 0.264436 0.153363 2
0 0.345460 0.035718 0.097832 0.071436 0.365914 0.021456 2
0 0.437231 0.038112 0.031922 0.076224 0.432575 0.006737 2
0 0.605611 0.150137 0.165688 0.177940 0.598166 0.165251 2
0 0.655750 0.184972 0.128690 0.168645 0.648692 0.169780 2
0 0.797860 0.143647 0.119657 0.115465 0.796875 0.155627 2
0 0.867653 0.053252 0.048873 0.023705 0.868631 0.053725 2
0 0.967269 0.315747 0.048637 0.046181 0.971382 0.315274 2
