0 0.118109 0.265815 0.037876 0.010932 0.118311 0.265951 2
0 0.501964 0.356618 0.021299 0.036914 0.501465 0.357292 2
0 0.839762 0.398628 0.054099 0.026384 0.841941 0.398656 2
0 0.266946 0.600938 0.017299 0.023493 0.267090 0.601367 2
0 0.260623 0.725410 0.024258 0.029475 0.260656 0.725173 2
0 0.146801 0.842395 0.031671 0.021291 0.146631 0.843229 2
0 0.172933 0.968099 0.044554 0.024740 0.173375 0.968682 2
0 0.062981 0.985096 0.030834 0.028506 0.061410 0.992040 2
0 0.464344 0.697256 0.016999 0.039319 0.463684 0.694887 2
0 0.523871 0.800781 0.010436 0.050058 0.523145 0.796224 2
0 0.486119 0.856104 0.004630 0.019283 0.486014 0.855930 2
0 0.550887 0.940691 0.035124 0.032778 0.551852 0.940258 2
0 0.756481 0.581841 0.041580 0.032022 0.757812 0.583643 2
0 0.817335 0.565330 0.023179 0.032753 0.817676 0.564974 2
0 0.909406 0.601535 0.020439 0.040301 0.908447 0.599544 2
0 0.866719 0.139094 0.040619 0.010884 0.865918 0.139714 2
0 0.738463 0.136370 0.010197 0.032330 0.738721 0.141667 2
0 0.792054 0.067857 0.014505 0.027607 0.792822 0.066471 2
0 0.790824 0.092891 0.016350 0.023824 0.789712 0.091087 2
0 0.982666 0.810457 0.013980 0.030628 0.983057 0.806641 2
