0 0.020059 0.412139 0.031991 0.012347 0.017090 0.411784 2
0 0.124759 0.542984 0.034573 0.023048 0.128395 0.545395 2
0 0.175712 0.597413 0.029401 0.051882 0.176903 0.596996 2
0 0.157675 0.039153 0.027484 0.044988 0.159766 0.045312 2
0 0.441621 0.418551 0.030969 0.035110 0.442272 0.419844 2
0 0.743057 0.274127 0.044541 0.032887 0.741266 0.274816 2
0 0.714984 0.337162 0.010517 0.041599 0.713410 0.338084 2
0 0.572236 0.848088 0.047774 0.061155 0.570168 0.847165 2
0 0.616364 0.865246 0.012426 0.047094 0.615540 0.868327 2
0 0.046134 0.313584 0.010843 0.034514 0.046507 0.313830 2
