0 0.058430 0.148608 0.033479 0.160863 0.062360 0.148810 2
0 0.293105 0.907100 0.192327 0.130659 0.291853 0.929129 2
0 0.699297 0.753617 0.179023 0.253211 0.656669 0.790551 2
0 0.836247 0.556072 0.069859 0.180890 0.827567 0.554315 2
0 0.702124 0.220967 0.034403 0.058850 0.702706 0.217634 2
0 0.284420 0.482546 0.214348 0.238577 0.289760 0.469680 2
0 0.351614 0.296259 0.040617 0.212371 0.356027 0.295759 2
0 0.415771 0.237305 0.140137 0.218563 0.428571 0.252046 2
0 0.389210 0.288673 0.095448 0.190381 0.400670 0.295759 2
0 0.155215 0.024740 0.139532 0.049479 0.158622 0.011161 2
