0 0.023171 0.353010 0.046343 0.136902 0.026786 0.350632 2
0 0.136775 0.483162 0.166580 0.208510 0.124442 0.447359 2
0 0.327160 0.055840 0.133766 0.111680 0.326730 0.030692 2
0 0.528868 0.054198 0.055547 0.108397 0.524833 0.043713 2
0 0.429876 0.134817 0.088863 0.055886 0.428571 0.130208 2
0 0.459991 0.226725 0.079773 0.124212 0.464844 0.217634 2
0 0.814299 0.189904 0.088859 0.039907 0.814314 0.186012 2
0 0.961652 0.140234 0.075720 0.054537 0.974749 0.126488 2
0 0.916406 0.338113 0.114940 0.090858 0.912667 0.336682 2
0 0.502081 0.433969 0.050602 0.153207 0.510882 0.435268 2
0 0.548743 0.417868 0.073615 0.144365 0.548549 0.422247 2
0 0.448011 0.538746 0.057536 0.072536 0.448103 0.541295 2
0 0.266217 0.570682 0.171264 0.073943 0.268136 0.576637 2
0 0.209525 0.503362 0.018846 0.135595 0.213030 0.504092 2
0 0.316363 0.626156 0.102010 0.054587 0.312081 0.629650 2
0 0.220459 0.665365 0.076660 0.132971 0.229074 0.654762 2
0 0.401311 0.678200 0.031338 0.080373 0.401367 0.683594 2
0 0.210278 0.779480 0.061625 0.041962 0.206752 0.784040 2
0 0.085917 0.797331 0.022028 0.098046 0.093750 0.798921 2
0 0.192205 0.907097 0.060329 0.184503 0.197684 0.932850 2
0 0.657464 0.518047 0.130162 0.238962 0.674805 0.510603 2
0 0.669261 0.593412 0.078228 0.179908 0.690151 0.590588 2
0 0.703809 0.624104 0.134129 0.072459 0.705497 0.619420 2
0 0.833070 0.536604 0.049512 0.105463 0.838030 0.528274 2
0 0.825414 0.825332 0.020999 0.109516 0.824079 0.827753 2
0 0.805706 0.913705 0.115199 0.074272 0.805246 0.918899 2
0 0.599602 0.850364 0.097044 0.055069 0.600865 0.854725 2
