0 0.392192 0.355752 0.170792 0.169704 0.401893 0.342357 2
0 0.194048 0.639274 0.021763 0.105370 0.195436 0.638115 2
0 0.415911 0.782887 0.135743 0.101829 0.416932 0.783642 2
0 0.567969 0.901965 0.026049 0.064436 0.568465 0.903224 2
0 0.517740 0.988607 0.027355 0.021484 0.514791 0.993853 2
0 0.260857 0.596780 0.018431 0.018108 0.259750 0.596834 2
0 0.575513 0.057810 0.021368 0.027126 0.575413 0.056715 2
0 0.862743 0.328662 0.031422 0.010646 0.862238 0.328920 2
0 0.774252 0.381644 0.019938 0.030407 0.773798 0.380951 2
0 0.946584 0.483895 0.105855 0.203293 0.938561 0.476425 2
0 0.696962 0.432803 0.044558 0.042812 0.698301 0.432982 2
