0 0.024905 0.060111 0.015486 0.034860 0.025391 0.061784 2
0 0.310004 0.024500 0.026948 0.046152 0.308496 0.027669 2
0 0.536095 0.137440 0.025904 0.033908 0.540837 0.132152 2
0 0.651399 0.089607 0.050922 0.019532 0.651270 0.089323 2
0 0.980904 0.329304 0.021247 0.061260 0.978271 0.324154 2
0 0.888313 0.653694 0.010794 0.053283 0.888672 0.654753 2
0 0.800147 0.604340 0.028401 0.057168 0.798584 0.600260 2
0 0.784452 0.446760 0.048947 0.024403 0.785352 0.445573 2
0 0.086402 0.731153 0.042938 0.014588 0.086621 0.730078 2
0 0.036340 0.270337 0.040701 0.024819 0.035937 0.270964 2
