0 0.036956 0.204252 0.044758 0.097088 0.040465 0.173186 2
0 0.063564 0.432358 0.127127 0.083828 0.065298 0.424469 2
0 0.045641 0.598940 0.008224 0.018627 0.045565 0.599393 2
0 0.248571 0.804344 0.075267 0.067508 0.252279 0.805990 2
0 0.122244 0.775635 0.100796 0.084690 0.125977 0.775608 2
0 0.071601 0.802787 0.117045 0.121104 0.073242 0.789931 2
0 0.445097 0.373474 0.164950 0.167311 0.456543 0.381110 2
0 0.560859 0.344857 0.111146 0.111837 0.556077 0.353065 2
0 0.514692 0.021799 0.077187 0.021493 0.515137 0.023037 2
0 0.845417 0.043602 0.037681 0.087204 0.848603 0.008258 2
0 0.902614 0.243559 0.102059 0.148575 0.901435 0.246466 2
0 0.898986 0.310260 0.012527 0.027503 0.898931 0.311570 2
0 0.664030 0.650096 0.021581 0.042418 0.663367 0.647692 2
0 0.524075 0.701785 0.064130 0.104742 0.523438 0.697049 2
0 0.482236 0.948308 0.026513 0.102082 0.482551 0.953788 2
