0 0.053012 0.038178 0.106023 0.076357 0.051959 0.031639 2
0 0.358476 0.068048 0.050027 0.126197 0.359074 0.069363 2
0 0.540668 0.209172 0.034884 0.160153 0.544803 0.205656 2
0 0.466594 0.363398 0.090827 0.189950 0.474984 0.360811 2
0 0.363828 0.449255 0.076155 0.027398 0.365919 0.450862 2
0 0.331798 0.458153 0.123765 0.132697 0.327587 0.466073 2
0 0.263225 0.532525 0.159895 0.111411 0.263243 0.498321 2
0 0.148323 0.440639 0.078849 0.016692 0.152353 0.438693 2
0 0.081733 0.517677 0.135005 0.109958 0.078426 0.520225 2
0 0.086582 0.736095 0.027650 0.085780 0.082533 0.737442 2
0 0.278420 0.766375 0.085456 0.049922 0.280584 0.764213 2
0 0.177054 0.922175 0.134142 0.154347 0.170606 0.944315 2
0 0.468889 0.685688 0.132100 0.118838 0.463119 0.694242 2
0 0.455165 0.711762 0.079937 0.045835 0.462206 0.710670 2
0 0.531879 0.612024 0.181848 0.278823 0.557581 0.592630 2
0 0.642410 0.397546 0.053034 0.188181 0.629682 0.393667 2
0 0.671870 0.426354 0.044709 0.115267 0.665276 0.432608 2
0 0.665599 0.204090 0.102919 0.139424 0.659344 0.210524 2
0 0.723155 0.096496 0.146224 0.192991 0.710454 0.087617 2
0 0.716572 0.151025 0.148590 0.055666 0.715017 0.152721 2
0 0.919482 0.293886 0.062961 0.151298 0.912611 0.296924 2
0 0.962675 0.502183 0.073674 0.026430 0.974217 0.503797 2
0 0.916082 0.656368 0.130543 0.161571 0.913980 0.652867 2
0 0.782647 0.716606 0.057133 0.064955 0.780730 0.714929 2
0 0.777597 0.758841 0.059211 0.042259 0.777992 0.761171 2
0 0.705038 0.762586 0.027039 0.137337 0.707716 0.766039 2
0 0.735557 0.844937 0.062782 0.184704 0.727316 0.849207 2
0 0.736590 0.788511 0.057568 0.134968 0.732814 0.793419 2
0 0.765116 0.929605 0.083810 0.027880 0.763389 0.925453 2
0 0.982548 0.794586 0.033927 0.110783 0.986994 0.790377 2
