0 0.164615 0.051250 0.013837 0.009058 0.163304 0.051192 2
0 0.408210 0.094957 0.021925 0.034297 0.408092 0.095033 2
0 0.037222 0.430013 0.060424 0.107374 0.035645 0.433633 2
0 0.330191 0.401072 0.020880 0.016721 0.328753 0.400740 2
0 0.331771 0.508909 0.015168 0.014873 0.331689 0.508984 2
0 0.075202 0.623157 0.150404 0.212822 0.087069 0.609189 2
0 0.196562 0.612209 0.122125 0.142916 0.173265 0.615666 2
0 0.236779 0.685246 0.155368 0.186799 0.245039 0.669369 2
0 0.468051 0.723246 0.182195 0.131634 0.450569 0.702370 2
0 0.317672 0.708912 0.022310 0.018333 0.317284 0.708418 2
0 0.355194 0.771874 0.017964 0.020199 0.354785 0.772005 2
0 0.396210 0.484349 0.021997 0.032956 0.396755 0.485492 2
0 0.427119 0.424194 0.028259 0.021701 0.426918 0.423835 2
0 0.429789 0.498793 0.089137 0.134277 0.435818 0.521093 2
0 0.430425 0.566271 0.115713 0.172806 0.426503 0.565570 2
0 0.522042 0.552887 0.019671 0.042575 0.521875 0.552930 2
0 0.606363 0.702210 0.156913 0.170038 0.610602 0.681871 2
0 0.602629 0.653533 0.020428 0.013619 0.600268 0.653797 2
0 0.537981 0.707011 0.058123 0.057465 0.535341 0.704032 2
0 0.723960 0.453831 0.023287 0.021497 0.723779 0.454935 2
0 0.707102 0.393996 0.021445 0.013609 0.707194 0.394035 2
0 0.796843 0.482526 0.011934 0.018649 0.797548 0.483005 2
0 0.582641 0.299362 0.015720 0.033923 0.582946 0.298854 2
0 0.533979 0.223423 0.025221 0.035534 0.533348 0.222161 2
0 0.562550 0.235470 0.019857 0.036507 0.563461 0.236753 2
0 0.586394 0.114541 0.012438 0.041070 0.586072 0.113908 2
0 0.674397 0.094133 0.011549 0.024975 0.674906 0.094085 2
0 0.137397 0.989423 0.135140 0.019853 0.136058 0.993856 2
0 0.332656 0.917318 0.181469 0.164062 0.328573 0.948758 2
0 0.418660 0.962798 0.025682 0.023528 0.418091 0.960965 2
0 0.522340 0.924953 0.221498 0.148793 0.528208 0.907050 2
0 0.655939 0.904764 0.165664 0.120718 0.654348 0.873142 2
0 0.926801 0.918494 0.145422 0.161710 0.925315 0.905863 2
0 0.969185 0.752021 0.017352 0.026936 0.968424 0.751900 2
0 0.943290 0.840445 0.012454 0.007870 0.943571 0.840759 2
0 0.953481 0.838349 0.012219 0.011713 0.952808 0.838999 2
0 0.869185 0.680209 0.047155 0.117004 0.877147 0.681517 2
