0 0.345318 0.287806 0.039619 0.045605 0.345979 0.290263 2
0 0.466919 0.392619 0.047811 0.052219 0.464372 0.399493 2
0 0.098038 0.605385 0.021237 0.046490 0.099450 0.605778 2
0 0.104289 0.740874 0.044998 0.079207 0.105066 0.741864 2
0 0.058536 0.342794 0.028867 0.019304 0.055349 0.344119 2
0 0.156245 0.190452 0.017783 0.023284 0.156136 0.192032 2
0 0.081831 0.056571 0.026966 0.039904 0.082130 0.056833 2
0 0.697021 0.841797 0.043457 0.016927 0.695989 0.842213 2
0 0.742297 0.919170 0.055883 0.054889 0.742862 0.919753 2
0 0.611581 0.768487 0.018928 0.043107 0.613255 0.770417 2
0 0.341630 0.721237 0.018282 0.056384 0.343916 0.721837 2
0 0.353317 0.696707 0.037952 0.007405 0.354513 0.696295 2
0 0.522705 0.264648 0.024902 0.009766 0.523717 0.265439 2
