0 0.595925 0.095965 0.097339 0.138065 0.590099 0.092618 2
0 0.666805 0.074647 0.067187 0.075482 0.660687 0.073511 2
0 0.742742 0.186659 0.108615 0.139668 0.742952 0.179659 2
0 0.802946 0.191077 0.034710 0.151534 0.798149 0.189566 2
0 0.857785 0.373494 0.108477 0.116292 0.855469 0.367895 2
0 0.983751 0.300643 0.031522 0.143460 0.994466 0.298239 2
0 0.615339 0.359430 0.053638 0.164555 0.606551 0.367895 2
0 0.465895 0.304811 0.036613 0.171393 0.461659 0.309160 2
0 0.390170 0.441576 0.040847 0.093006 0.392132 0.437953 2
0 0.507460 0.461661 0.163656 0.196284 0.513672 0.441491 2
0 0.561652 0.461751 0.091214 0.123740 0.555070 0.452106 2
0 0.821666 0.532286 0.101341 0.117214 0.806641 0.542686 2
0 0.815229 0.737197 0.117713 0.100770 0.811417 0.724553 2
0 0.829855 0.708059 0.133394 0.199875 0.820971 0.711815 2
0 0.683135 0.947157 0.148561 0.104383 0.675017 0.965863 2
0 0.504616 0.950739 0.078451 0.097220 0.498280 0.965863 2
0 0.430963 0.645043 0.087193 0.056345 0.429815 0.646003 2
0 0.528868 0.660655 0.075350 0.038199 0.513672 0.659449 2
0 0.546655 0.647616 0.059207 0.181559 0.545516 0.647418 2
0 0.129135 0.454805 0.124468 0.064603 0.136846 0.457060 2
0 0.357249 0.244505 0.063627 0.196782 0.351265 0.249009 2
0 0.314253 0.276384 0.099045 0.097232 0.310929 0.271654 2
0 0.128588 0.261531 0.074814 0.120688 0.128354 0.265285 2
0 0.149831 0.110455 0.094953 0.071758 0.147992 0.108894 2
