0 0.060951 0.718495 0.113136 0.105131 0.059509 0.712728 2
0 0.021923 0.976105 0.019943 0.045786 0.021057 0.978027 2
0 0.044204 0.875830 0.088408 0.115095 0.060730 0.884440 2
0 0.140933 0.590867 0.063257 0.095148 0.135803 0.593913 2
0 0.266168 0.631109 0.089827 0.109244 0.265808 0.632975 2
0 0.273666 0.726647 0.116003 0.131259 0.273132 0.731445 2
0 0.373473 0.801185 0.120559 0.028432 0.375061 0.808757 2
0 0.459802 0.809121 0.032561 0.039359 0.459900 0.809570 2
0 0.134795 0.446994 0.126181 0.074580 0.133362 0.442546 2
0 0.303329 0.447997 0.097736 0.112773 0.298767 0.443359 2
0 0.018618 0.138439 0.037236 0.147791 0.007019 0.135742 2
0 0.061442 0.294229 0.016116 0.117205 0.061951 0.297689 2
0 0.105260 0.279245 0.063203 0.023318 0.104065 0.277344 2
0 0.187169 0.246357 0.041235 0.094478 0.186462 0.247233 2
0 0.608917 0.165568 0.031449 0.129527 0.606384 0.162598 2
0 0.678284 0.146846 0.030339 0.050520 0.678406 0.141439 2
0 0.838196 0.208728 0.094566 0.101410 0.832825 0.217122 2
0 0.978910 0.232804 0.040377 0.082570 0.988464 0.224447 2
0 0.677890 0.947965 0.107106 0.053608 0.675964 0.951172 2
0 0.846492 0.981276 0.059808 0.036146 0.848694 0.983724 2
0 0.917399 0.732808 0.021140 0.033324 0.917664 0.736328 2
0 0.856769 0.089924 0.034643 0.046749 0.859070 0.090169 2
