0 0.031738 0.426758 0.060977 0.051432 0.033141 0.427125 2
0 0.119398 0.534431 0.024875 0.061346 0.122272 0.526331 2
0 0.155762 0.629883 0.034180 0.030670 0.156374 0.631738 2
0 0.229004 0.599609 0.019531 0.013021 0.226904 0.600736 2
0 0.338167 0.481657 0.017155 0.047104 0.338511 0.480861 2
0 0.310449 0.655371 0.033645 0.078802 0.309501 0.656312 2
0 0.316614 0.703474 0.031379 0.024669 0.312159 0.703042 2
0 0.233110 0.835938 0.024507 0.028330 0.233104 0.838418 2
0 0.246509 0.026726 0.045068 0.027411 0.244141 0.031566 2
0 0.364258 0.347005 0.045898 0.083369 0.367188 0.355820 2
0 0.604736 0.599935 0.044434 0.064689 0.603190 0.600179 2
