0 0.193227 0.410078 0.019626 0.037377 0.191846 0.413542 2
0 0.697628 0.744677 0.029890 0.026755 0.699512 0.745768 2
0 0.719733 0.696514 0.018609 0.023492 0.720508 0.697526 2
0 0.707095 0.457317 0.011919 0.029348 0.707471 0.457292 2
0 0.789331 0.846084 0.025969 0.014993 0.789307 0.845898 2
0 0.330351 0.125104 0.009708 0.034239 0.329492 0.130208 2
0 0.393129 0.061931 0.026817 0.036447 0.393994 0.062370 2
0 0.447152 0.063305 0.026411 0.014537 0.446094 0.063281 2
0 0.129595 0.147670 0.020322 0.007042 0.130566 0.147786 2
0 0.022726 0.032983 0.021458 0.041008 0.023242 0.033398 2
