0 0.331005 0.029453 0.025490 0.038656 0.330762 0.028426 2
0 0.153868 0.266003 0.023875 0.045415 0.155270 0.268527 2
0 0.172640 0.309060 0.037916 0.020730 0.175038 0.311554 2
0 0.294051 0.623190 0.026102 0.010739 0.294394 0.623677 2
0 0.436167 0.632486 0.114474 0.083563 0.427500 0.627645 2
0 0.331862 0.798412 0.049438 0.018313 0.330268 0.798659 2
0 0.347920 0.822909 0.030674 0.040074 0.348353 0.824279 2
0 0.260393 0.926646 0.030483 0.046759 0.260191 0.926155 2
0 0.602235 0.848759 0.042361 0.021211 0.601994 0.848677 2
0 0.778184 0.229385 0.026798 0.040278 0.778368 0.228913 2
0 0.919615 0.922336 0.020870 0.071482 0.920359 0.924004 2
