0 0.060168 0.072821 0.120336 0.145643 0.041667 0.075521 2
0 0.384672 0.243399 0.018911 0.038005 0.384702 0.243433 2
0 0.340657 0.624566 0.119466 0.064493 0.343835 0.625566 2
0 0.207215 0.918376 0.050000 0.145690 0.204773 0.928385 2
0 0.763219 0.908529 0.066476 0.181641 0.770020 0.910043 2
0 0.606572 0.776925 0.095937 0.106476 0.616105 0.782665 2
0 0.506741 0.825937 0.053154 0.109691 0.503588 0.836447 2
0 0.932655 0.836609 0.029145 0.018926 0.936141 0.837862 2
0 0.910559 0.259026 0.058423 0.217570 0.921811 0.263955 2
0 0.875768 0.090791 0.060740 0.170469 0.871391 0.098364 2
