0 0.124141 0.246028 0.052199 0.105373 0.120584 0.241678 2
0 0.112347 0.141550 0.051999 0.100694 0.116338 0.146003 2
0 0.205194 0.044751 0.100161 0.087193 0.202955 0.050328 2
0 0.245240 0.078275 0.081254 0.156550 0.257728 0.064481 2
0 0.294086 0.054386 0.089004 0.108771 0.304857 0.020324 2
0 0.070804 0.494984 0.046556 0.132122 0.079823 0.494735 2
0 0.128195 0.569279 0.013296 0.018579 0.127802 0.570596 2
0 0.105132 0.652676 0.091390 0.172663 0.112092 0.650419 2
0 0.226142 0.729268 0.190281 0.220009 0.219939 0.708163 2
0 0.230440 0.606245 0.177405 0.256482 0.255605 0.583616 2
0 0.198864 0.512871 0.121070 0.197816 0.196586 0.516814 2
0 0.272835 0.530223 0.113509 0.098910 0.270890 0.537760 2
0 0.285071 0.594549 0.086931 0.095480 0.283628 0.596637 2
0 0.383087 0.527883 0.100094 0.062458 0.379161 0.532099 2
0 0.480887 0.574724 0.040697 0.082990 0.490404 0.574558 2
0 0.447579 0.422582 0.113750 0.139434 0.444548 0.426234 2
0 0.557830 0.450595 0.145737 0.238077 0.532863 0.465297 2
0 0.593567 0.463429 0.075499 0.139481 0.596128 0.465297 2
0 0.593042 0.354253 0.092620 0.109069 0.589759 0.355469 2
0 0.594078 0.228021 0.060765 0.185835 0.601647 0.228657 2
0 0.622047 0.159283 0.086534 0.238761 0.641135 0.160722 2
0 0.746423 0.041416 0.024095 0.082831 0.749830 0.002774 2
0 0.861109 0.053812 0.041347 0.107624 0.865319 0.026551 2
0 0.574458 0.734511 0.173737 0.189964 0.578295 0.729676 2
0 0.600369 0.662381 0.160357 0.251790 0.625000 0.641927 2
0 0.633905 0.596251 0.071274 0.065490 0.639012 0.595505 2
0 0.658539 0.642812 0.127639 0.131680 0.673404 0.636832 2
0 0.700423 0.739707 0.035872 0.102195 0.698454 0.735337 2
0 0.777912 0.765007 0.093963 0.051890 0.782099 0.771003 2
0 0.791599 0.705335 0.058990 0.101148 0.796960 0.707597 2
0 0.306893 0.936088 0.061843 0.126521 0.310802 0.958390 2
0 0.229996 0.934438 0.076645 0.129822 0.221637 0.962353 2
0 0.197734 0.985780 0.038137 0.027137 0.196586 0.986130 2
0 0.929673 0.791464 0.072778 0.117781 0.932405 0.798177 2
0 0.939439 0.813769 0.017832 0.049389 0.939623 0.816859 2
