0 0.043303 0.315861 0.035277 0.078464 0.043065 0.318465 2
0 0.040933 0.794569 0.031679 0.009866 0.041357 0.794857 2
0 0.032489 0.846618 0.031278 0.019676 0.029590 0.845898 2
0 0.130163 0.711127 0.031428 0.041599 0.130029 0.710156 2
0 0.140981 0.679838 0.014788 0.033882 0.139258 0.688411 2
0 0.978345 0.683952 0.042333 0.059066 0.984993 0.689171 2
0 0.283186 0.766284 0.009871 0.029494 0.285693 0.766406 2
0 0.589114 0.838193 0.054327 0.049628 0.590311 0.838467 2
0 0.571614 0.877037 0.019908 0.052787 0.572070 0.877409 2
0 0.583560 0.975506 0.042431 0.034167 0.581738 0.976237 2
0 0.592896 0.792243 0.015938 0.040322 0.593164 0.791602 2
0 0.561678 0.550241 0.016498 0.036289 0.561621 0.549870 2
0 0.610039 0.524040 0.034585 0.025560 0.609717 0.523307 2
0 0.867747 0.421772 0.033372 0.025972 0.868115 0.421224 2
0 0.380070 0.252582 0.033805 0.028823 0.380762 0.252148 2
0 0.988786 0.050498 0.018911 0.068070 0.988649 0.046918 2
