0 0.159262 0.439128 0.189444 0.163411 0.151196 0.470577 2
0 0.501896 0.204381 0.097854 0.229420 0.496419 0.218156 2
0 0.751698 0.473749 0.117850 0.226143 0.733707 0.484284 2
0 0.663670 0.474240 0.045614 0.177647 0.667746 0.470577 2
0 0.588747 0.596482 0.138793 0.195018 0.567520 0.596217 2
0 0.656849 0.573579 0.082123 0.124794 0.642047 0.617918 2
0 0.718170 0.790933 0.119556 0.100204 0.718287 0.784677 2
0 0.446591 0.762724 0.150813 0.104062 0.441595 0.762975 2
0 0.465589 0.787683 0.083039 0.219098 0.463867 0.794956 2
0 0.297028 0.729206 0.110116 0.118135 0.297680 0.721857 2
0 0.308986 0.819515 0.166742 0.116757 0.308816 0.840643 2
0 0.290012 0.800389 0.069361 0.109273 0.294254 0.804094 2
0 0.351981 0.856668 0.055425 0.113500 0.349078 0.863487 2
0 0.396686 0.940074 0.058996 0.118550 0.394480 0.957145 2
0 0.291432 0.933122 0.043523 0.132454 0.302820 0.956003 2
0 0.905537 0.535044 0.106189 0.047136 0.904297 0.535668 2
0 0.929242 0.327693 0.098130 0.117652 0.940667 0.316371 2
