0 0.378545 0.068190 0.068279 0.136379 0.384425 0.053737 2
0 0.054960 0.390759 0.073903 0.045458 0.051928 0.387525 2
0 0.131841 0.431066 0.009177 0.038845 0.132533 0.430928 2
0 0.164175 0.477438 0.070901 0.049962 0.168186 0.481564 2
0 0.028876 0.560765 0.057753 0.066479 0.027902 0.579737 2
0 0.277143 0.471644 0.087316 0.163338 0.272042 0.465030 2
0 0.238754 0.697510 0.139922 0.247408 0.243366 0.694444 2
0 0.499870 0.158618 0.122190 0.098045 0.501457 0.138476 2
0 0.560243 0.163925 0.098651 0.067827 0.560760 0.164795 2
0 0.713355 0.175961 0.046623 0.212599 0.720978 0.186157 2
0 0.795953 0.178117 0.071884 0.183703 0.784302 0.178019 2
0 0.765094 0.285363 0.118745 0.106704 0.771332 0.283813 2
0 0.818848 0.293988 0.086655 0.066870 0.819397 0.299072 2
0 0.775778 0.447685 0.103549 0.098380 0.782013 0.444539 2
0 0.765564 0.534168 0.062412 0.123743 0.769675 0.533168 2
0 0.835270 0.438605 0.059627 0.097787 0.832367 0.437419 2
0 0.485583 0.566364 0.062914 0.165182 0.494482 0.561136 2
0 0.643396 0.611890 0.122263 0.080214 0.640869 0.615438 2
0 0.743896 0.754123 0.090860 0.091580 0.743866 0.755819 2
0 0.836263 0.657552 0.072917 0.131944 0.837708 0.662231 2
0 0.754719 0.907389 0.049491 0.116646 0.754547 0.906372 2
0 0.964251 0.791775 0.070521 0.168187 0.975037 0.790405 2
0 0.962232 0.610231 0.049465 0.163183 0.971222 0.615438 2
0 0.877967 0.948265 0.051747 0.035634 0.879669 0.949097 2
0 0.938125 0.921609 0.032776 0.155480 0.946808 0.934855 2
0 0.112206 0.973997 0.023609 0.050704 0.115967 0.993856 2
0 0.165510 0.976810 0.142519 0.045077 0.170898 0.971476 2
0 0.190443 0.937921 0.120146 0.122855 0.199127 0.966390 2
0 0.276553 0.958218 0.101011 0.082262 0.324249 0.975545 2
