0 0.452878 0.023766 0.022524 0.044970 0.454246 0.022414 2
0 0.035216 0.149603 0.036621 0.086408 0.037026 0.152961 2
0 0.494909 0.151020 0.025135 0.043645 0.495249 0.150001 2
0 0.628557 0.292983 0.014645 0.008561 0.627740 0.293340 2
0 0.850330 0.260240 0.020940 0.027063 0.850590 0.260334 2
0 0.928338 0.409797 0.019331 0.063306 0.928532 0.408907 2
0 0.884051 0.551994 0.015967 0.049195 0.882835 0.550527 2
0 0.501954 0.834344 0.014512 0.020876 0.501670 0.834931 2
0 0.058365 0.842679 0.036981 0.032134 0.056048 0.844775 2
0 0.145879 0.980042 0.019139 0.038613 0.148684 0.994745 2
