0 0.702170 0.065039 0.075054 0.130077 0.684011 0.049457 2
0 0.384426 0.237420 0.155230 0.081535 0.385742 0.230086 2
0 0.316740 0.216810 0.024900 0.070001 0.318819 0.213235 2
0 0.060953 0.242726 0.121905 0.175072 0.048303 0.249566 2
0 0.177413 0.074413 0.063122 0.049516 0.179802 0.074602 2
0 0.476522 0.247849 0.030705 0.093728 0.475643 0.251915 2
0 0.495661 0.334027 0.010777 0.048129 0.494048 0.332578 2
0 0.274965 0.731327 0.016400 0.052666 0.276168 0.731197 2
0 0.311474 0.802828 0.033853 0.050884 0.311870 0.804702 2
0 0.585468 0.924987 0.025837 0.014408 0.583312 0.926509 2
