0 0.180337 0.820861 0.037764 0.047973 0.183569 0.822406 2
0 0.168701 0.637695 0.055506 0.022786 0.166881 0.636982 2
0 0.076990 0.471204 0.034589 0.049179 0.075405 0.471338 2
0 0.072543 0.198747 0.016180 0.035516 0.072315 0.201032 2
0 0.175603 0.021810 0.027963 0.043620 0.171207 0.012312 2
0 0.241791 0.045584 0.015956 0.037782 0.242904 0.045276 2
0 0.292789 0.226204 0.039032 0.044187 0.294823 0.223283 2
0 0.300105 0.199347 0.016446 0.033231 0.299768 0.199384 2
0 0.476898 0.308574 0.047546 0.022174 0.477156 0.310638 2
0 0.467662 0.346411 0.027376 0.015362 0.468503 0.346074 2
0 0.524533 0.337266 0.014411 0.046928 0.524130 0.337009 2
0 0.738186 0.345750 0.039748 0.031842 0.737366 0.347722 2
0 0.809082 0.350911 0.022478 0.044271 0.812772 0.344426 2
0 0.518219 0.635229 0.041321 0.045949 0.516095 0.635334 2
0 0.664425 0.091859 0.034817 0.030196 0.665051 0.094722 2
0 0.847827 0.113455 0.030614 0.017398 0.848002 0.116149 2
0 0.973565 0.165190 0.038842 0.018245 0.973472 0.165595 2
0 0.586455 0.877895 0.019016 0.040795 0.586407 0.878243 2
0 0.791547 0.556402 0.022915 0.038443 0.791139 0.552924 2
0 0.941012 0.596404 0.035945 0.011130 0.944361 0.597066 2
0 0.932716 0.738372 0.014469 0.052967 0.932362 0.740400 2
0 0.935271 0.772360 0.009341 0.030453 0.935305 0.771508 2
