0 0.114784 0.094003 0.172592 0.180646 0.120357 0.079359 2
0 0.026523 0.585488 0.053046 0.193191 0.032124 0.562500 2
0 0.028141 0.437443 0.056283 0.058273 0.005568 0.447140 2
0 0.105174 0.454156 0.072971 0.062493 0.110934 0.457420 2
0 0.234462 0.330743 0.116167 0.135110 0.236003 0.316932 2
0 0.074150 0.197251 0.148300 0.136689 0.064676 0.220989 2
0 0.423208 0.360427 0.198424 0.256711 0.440738 0.338633 2
0 0.443747 0.604791 0.106009 0.203678 0.438168 0.608187 2
0 0.589385 0.660384 0.072979 0.200666 0.576943 0.660727 2
0 0.565146 0.763396 0.072007 0.062231 0.564950 0.764666 2
0 0.547974 0.861702 0.140244 0.184812 0.540108 0.864035 2
0 0.455416 0.927566 0.157001 0.143565 0.463011 0.981679 2
0 0.756348 0.899414 0.160156 0.130922 0.752553 0.904011 2
0 0.782886 0.840431 0.066746 0.069417 0.779108 0.830912 2
0 0.703795 0.530823 0.128277 0.281122 0.671173 0.531661 2
0 0.603685 0.433542 0.106452 0.220037 0.590649 0.431149 2
0 0.635008 0.384511 0.080304 0.119841 0.636907 0.391173 2
0 0.619729 0.443090 0.094511 0.128735 0.610352 0.465415 2
0 0.630426 0.566099 0.059125 0.069743 0.629198 0.567069 2
0 0.842519 0.398853 0.094855 0.212005 0.831563 0.394314 2
0 0.897333 0.381793 0.055274 0.202722 0.893107 0.381429 2
0 0.965642 0.369857 0.067740 0.086230 0.997884 0.385498 2
0 0.643875 0.119507 0.168768 0.239014 0.657466 0.099918 2
0 0.633332 0.046950 0.101458 0.063044 0.635194 0.053088 2
0 0.770692 0.104191 0.090864 0.208381 0.797098 0.075932 2
0 0.827823 0.067011 0.133915 0.134021 0.820882 0.070828 2
