0 0.609548 0.065025 0.071820 0.130049 0.605469 0.060268 2
0 0.656963 0.180325 0.066812 0.194257 0.661272 0.174665 2
0 0.609506 0.228305 0.087257 0.113856 0.614537 0.229539 2
0 0.401675 0.279283 0.216855 0.133535 0.399693 0.258371 2
0 0.406484 0.220773 0.160572 0.103579 0.415737 0.233259 2
0 0.322505 0.371266 0.162919 0.247862 0.336217 0.377418 2
0 0.154402 0.284017 0.168318 0.220745 0.156250 0.288132 2
0 0.364019 0.064128 0.079193 0.128255 0.360631 0.003534 2
0 0.147573 0.085036 0.052833 0.170072 0.157645 0.077009 2
0 0.119721 0.084656 0.088329 0.169312 0.143694 0.051897 2
0 0.938477 0.538086 0.095711 0.108724 0.942383 0.546689 2
0 0.953872 0.633732 0.077311 0.065104 0.954241 0.629464 2
0 0.965088 0.780173 0.068848 0.152594 0.982143 0.777344 2
0 0.787480 0.471756 0.031847 0.116936 0.788923 0.464844 2
0 0.757311 0.506896 0.122240 0.053193 0.756138 0.501116 2
0 0.755816 0.569526 0.025372 0.187103 0.758231 0.569010 2
0 0.686945 0.577847 0.058810 0.156273 0.698242 0.582031 2
0 0.683539 0.678063 0.125205 0.169591 0.691267 0.669457 2
0 0.572244 0.783184 0.231389 0.242163 0.569196 0.726190 2
0 0.637833 0.651501 0.101985 0.088189 0.643834 0.657366 2
0 0.630100 0.832219 0.136807 0.236138 0.615234 0.822917 2
0 0.630545 0.959066 0.128278 0.080567 0.631975 0.981027 2
0 0.377423 0.760066 0.117214 0.181590 0.385045 0.762463 2
0 0.316867 0.689809 0.036127 0.071099 0.320871 0.688988 2
0 0.053242 0.911851 0.106484 0.174996 0.007673 0.905692 2
