0 0.702453 0.028141 0.126036 0.056283 0.698153 0.017992 2
0 0.609857 0.107769 0.042487 0.181646 0.615082 0.105925 2
0 0.519314 0.208333 0.168802 0.187500 0.535816 0.178639 2
0 0.840269 0.112526 0.059214 0.139204 0.847174 0.107616 2
0 0.736103 0.269280 0.019174 0.016543 0.735567 0.269954 2
0 0.805682 0.325063 0.028778 0.100603 0.809761 0.316457 2
0 0.879404 0.419637 0.125452 0.246104 0.865564 0.422991 2
0 0.752640 0.461926 0.040034 0.144242 0.756494 0.469494 2
0 0.911143 0.322727 0.070654 0.119677 0.915026 0.315611 2
0 0.852808 0.614598 0.099858 0.163049 0.854150 0.621686 2
0 0.916027 0.570946 0.078405 0.187584 0.908685 0.568419 2
0 0.954425 0.602333 0.055083 0.150851 0.961318 0.606466 2
0 0.962927 0.655575 0.025680 0.085841 0.960684 0.635214 2
0 0.902624 0.700543 0.072782 0.087534 0.905514 0.702009 2
0 0.857926 0.794694 0.115554 0.226198 0.850979 0.785714 2
0 0.952356 0.895343 0.094312 0.063434 0.962586 0.902394 2
0 0.617013 0.351725 0.079450 0.146503 0.622058 0.338440 2
0 0.357967 0.066628 0.025603 0.042109 0.354454 0.068723 2
0 0.153809 0.185547 0.153383 0.154948 0.147727 0.171875 2
0 0.094230 0.281084 0.110336 0.029949 0.098899 0.276718 2
0 0.202607 0.247584 0.110687 0.041843 0.199092 0.258117 2
0 0.182009 0.286856 0.141428 0.108414 0.182605 0.286864 2
0 0.134382 0.542857 0.181439 0.105022 0.133142 0.561654 2
0 0.127834 0.618601 0.067069 0.151998 0.128091 0.608114 2
0 0.259828 0.564388 0.170685 0.229359 0.277090 0.586174 2
0 0.226694 0.755415 0.062779 0.184248 0.234603 0.757812 2
0 0.363548 0.810967 0.032545 0.030123 0.365234 0.815307 2
0 0.071762 0.769468 0.104080 0.149077 0.074802 0.763731 2
0 0.111555 0.889940 0.022480 0.119950 0.105240 0.889712 2
0 0.093608 0.908715 0.116069 0.181268 0.084314 0.910004 2
0 0.723523 0.957161 0.093452 0.018539 0.724153 0.953125 2
