0 0.039795 0.267253 0.061035 0.090636 0.038757 0.268717 2
0 0.062799 0.768565 0.125598 0.135214 0.056641 0.762370 2
0 0.168816 0.737127 0.090245 0.118484 0.167480 0.732422 2
0 0.143599 0.668412 0.102269 0.079658 0.140137 0.663411 2
0 0.241455 0.618327 0.132874 0.217773 0.243742 0.616142 2
0 0.337036 0.792643 0.166260 0.226276 0.336584 0.780737 2
0 0.390112 0.874978 0.025460 0.177039 0.381286 0.861429 2
0 0.479998 0.844969 0.015771 0.103732 0.479630 0.841714 2
0 0.501056 0.545563 0.093114 0.124152 0.495447 0.541868 2
0 0.571344 0.642860 0.075695 0.050067 0.567658 0.648236 2
0 0.700669 0.703508 0.116467 0.035769 0.699420 0.698024 2
0 0.760245 0.777713 0.090482 0.238154 0.738181 0.768498 2
0 0.687361 0.863853 0.107664 0.042564 0.685325 0.861120 2
0 0.709657 0.429127 0.129988 0.032302 0.709991 0.439621 2
0 0.811504 0.353909 0.096847 0.062366 0.812681 0.350354 2
0 0.807276 0.303708 0.079664 0.085989 0.804124 0.304714 2
0 0.949052 0.605512 0.094565 0.196529 0.949098 0.603388 2
0 0.981934 0.852256 0.035156 0.044117 0.981314 0.848368 2
0 0.631329 0.262711 0.025936 0.079913 0.629953 0.244308 2
0 0.668045 0.228735 0.121943 0.226307 0.688849 0.207394 2
0 0.707315 0.149339 0.055588 0.021701 0.702440 0.146988 2
0 0.723998 0.221453 0.026325 0.154584 0.718045 0.215448 2
0 0.569418 0.088542 0.059615 0.048101 0.566626 0.086139 2
0 0.673455 0.027173 0.086742 0.037891 0.669440 0.027454 2
0 0.619112 0.020555 0.041332 0.041110 0.618893 0.015075 2
0 0.761869 0.027077 0.118757 0.054154 0.759592 0.008401 2
0 0.891493 0.068432 0.066406 0.036169 0.889699 0.069131 2
0 0.311278 0.554376 0.026352 0.137101 0.307356 0.551496 2
0 0.427002 0.462943 0.073344 0.108755 0.426331 0.463927 2
0 0.386631 0.381417 0.103082 0.163345 0.386444 0.376816 2
0 0.416054 0.391714 0.069804 0.188618 0.403637 0.385985 2
0 0.331595 0.264462 0.041975 0.105992 0.329823 0.260700 2
0 0.353111 0.210006 0.068812 0.110331 0.348081 0.210881 2
0 0.407932 0.241659 0.028534 0.099341 0.406388 0.245690 2
0 0.446012 0.288727 0.068618 0.082160 0.448682 0.295665 2
0 0.500293 0.283189 0.047887 0.094635 0.498542 0.285120 2
