0 0.522671 0.938664 0.058618 0.070569 0.518262 0.933398 2
0 0.755653 0.958966 0.013881 0.016565 0.758887 0.957487 2
0 0.127835 0.330296 0.019741 0.050171 0.127393 0.332682 2
0 0.386934 0.615651 0.040236 0.025447 0.387305 0.615560 2
0 0.409509 0.670664 0.017615 0.036672 0.410352 0.671810 2
0 0.992417 0.793587 0.014189 0.035582 0.997461 0.792708 2
0 0.791054 0.728030 0.012138 0.036790 0.791211 0.726562 2
0 0.916267 0.421015 0.024155 0.023282 0.916016 0.421354 2
0 0.659361 0.439605 0.036132 0.049956 0.660937 0.438672 2
0 0.792793 0.523807 0.031415 0.024233 0.791473 0.523494 2
