0 0.034091 0.122705 0.068182 0.187491 0.018311 0.118371 2
0 0.293107 0.215778 0.126253 0.109868 0.290900 0.200267 2
0 0.432118 0.116379 0.096758 0.053541 0.430248 0.117091 2
0 0.360558 0.092517 0.103333 0.150729 0.363728 0.089369 2
0 0.524167 0.053357 0.045557 0.043683 0.526306 0.050364 2
0 0.111631 0.314387 0.174096 0.202883 0.131933 0.337026 2
0 0.398907 0.643830 0.138810 0.281250 0.377356 0.655995 2
0 0.722970 0.591770 0.159582 0.200726 0.724461 0.590891 2
0 0.901219 0.660778 0.184699 0.202340 0.885275 0.685009 2
0 0.960320 0.488620 0.078383 0.136879 0.974440 0.497481 2
0 0.039924 0.813247 0.079848 0.101325 0.045644 0.815217 2
0 0.542892 0.777401 0.141619 0.282418 0.573730 0.777004 2
0 0.565288 0.918320 0.144193 0.146832 0.573730 0.940472 2
0 0.653922 0.955904 0.151641 0.086891 0.654934 0.970901 2
0 0.736239 0.954334 0.073611 0.069630 0.734545 0.958871 2
0 0.717044 0.399528 0.043217 0.124950 0.716500 0.409024 2
0 0.737128 0.383718 0.080551 0.056759 0.734545 0.378595 2
0 0.838226 0.319749 0.119873 0.041213 0.839101 0.311368 2
0 0.903320 0.248291 0.091090 0.194682 0.891644 0.239895 2
0 0.968018 0.048892 0.062988 0.097784 0.985585 0.031844 2
0 0.982320 0.355098 0.034383 0.157552 0.992485 0.438038 2
