0 0.526461 0.049440 0.173335 0.098879 0.526862 0.002060 2
0 0.457737 0.149868 0.057286 0.110371 0.456380 0.144097 2
0 0.637673 0.242405 0.043428 0.043403 0.636375 0.241815 2
0 0.065759 0.081767 0.131519 0.140388 0.064453 0.073785 2
0 0.029927 0.155890 0.038672 0.124648 0.029297 0.157986 2
0 0.098351 0.199435 0.031929 0.047165 0.098958 0.199653 2
0 0.310546 0.103558 0.141603 0.105448 0.309896 0.106771 2
0 0.069387 0.503720 0.019482 0.094164 0.067708 0.497396 2
0 0.184696 0.506503 0.096775 0.071172 0.180339 0.508681 2
0 0.273399 0.430250 0.081585 0.025036 0.274089 0.425347 2
0 0.313375 0.446377 0.032150 0.118258 0.309525 0.440149 2
0 0.369046 0.302415 0.104791 0.039395 0.367839 0.309896 2
0 0.411185 0.439338 0.024861 0.122626 0.413411 0.436632 2
0 0.369427 0.500526 0.060584 0.173278 0.380859 0.498264 2
0 0.333189 0.610589 0.020320 0.060463 0.335762 0.602149 2
0 0.346379 0.778916 0.042568 0.168965 0.347656 0.777778 2
0 0.282592 0.761191 0.089358 0.043323 0.287760 0.764757 2
0 0.038052 0.708070 0.076104 0.217837 0.024089 0.710069 2
0 0.154184 0.960299 0.100678 0.030277 0.153646 0.960069 2
0 0.325141 0.963838 0.019092 0.053331 0.325521 0.960938 2
0 0.481592 0.696823 0.152212 0.103721 0.479818 0.691840 2
0 0.565674 0.545089 0.092611 0.159188 0.564475 0.535142 2
0 0.606436 0.551849 0.098039 0.087682 0.603108 0.555174 2
0 0.723906 0.605736 0.132433 0.082130 0.721680 0.606771 2
0 0.623931 0.705564 0.110172 0.046579 0.625107 0.690390 2
0 0.607831 0.791180 0.124841 0.151695 0.608474 0.789120 2
0 0.613457 0.809512 0.115145 0.108523 0.616699 0.805339 2
0 0.602620 0.897901 0.053460 0.105860 0.598633 0.901042 2
0 0.700860 0.794643 0.123713 0.141892 0.699707 0.802083 2
0 0.744207 0.413691 0.033543 0.149031 0.744568 0.413574 2
0 0.815632 0.468176 0.119608 0.054292 0.813843 0.459961 2
0 0.856600 0.394423 0.051847 0.018758 0.857788 0.394043 2
0 0.846034 0.359823 0.076655 0.036892 0.850159 0.354980 2
0 0.887693 0.315976 0.151896 0.090245 0.884644 0.309408 2
0 0.825420 0.235152 0.013990 0.035508 0.826060 0.232027 2
0 0.879530 0.066946 0.099836 0.133891 0.872933 0.043052 2
0 0.963333 0.412782 0.072358 0.110789 0.987183 0.391602 2
0 0.973459 0.665418 0.034627 0.111935 0.973145 0.665365 2
0 0.940922 0.645841 0.115848 0.156447 0.923828 0.657552 2
0 0.866422 0.606870 0.076433 0.094546 0.874023 0.608073 2
0 0.842581 0.612153 0.022180 0.034033 0.852051 0.601562 2
0 0.839899 0.679893 0.049937 0.145127 0.840332 0.677083 2
0 0.906302 0.840947 0.035313 0.167179 0.909668 0.838542 2
0 0.935408 0.800226 0.092173 0.187535 0.925781 0.807943 2
0 0.800353 0.943598 0.143957 0.111501 0.800781 0.946615 2
0 0.873310 0.953222 0.045854 0.092253 0.872070 0.987630 2
0 0.756526 0.961253 0.094145 0.076192 0.759277 0.978516 2
0 0.730626 0.961469 0.018548 0.075759 0.730957 0.970703 2
