0 0.199018 0.769001 0.018374 0.020921 0.197234 0.770434 2
0 0.840655 0.324789 0.046228 0.052244 0.841863 0.324350 2
0 0.689941 0.360352 0.016602 0.065886 0.691668 0.362287 2
0 0.633335 0.288906 0.075684 0.083020 0.635529 0.281102 2
0 0.704082 0.444404 0.042031 0.025642 0.708048 0.442302 2
0 0.760848 0.502158 0.007295 0.015297 0.759294 0.509867 2
0 0.585230 0.518588 0.019644 0.034173 0.584394 0.520098 2
0 0.393967 0.355858 0.023183 0.030472 0.393334 0.357233 2
0 0.553890 0.076816 0.009368 0.024675 0.553558 0.080404 2
0 0.369651 0.098709 0.010598 0.038325 0.369770 0.099036 2
0 0.435985 0.076865 0.033292 0.012528 0.435358 0.078721 2
