0 0.185109 0.091576 0.215231 0.183153 0.172888 0.104945 2
0 0.218088 0.123923 0.092197 0.129653 0.224911 0.125024 2
0 0.185878 0.213911 0.018839 0.128158 0.189316 0.216292 2
0 0.286321 0.128760 0.081702 0.049752 0.291992 0.131109 2
0 0.258124 0.059024 0.066695 0.118049 0.260961 0.005160 2
0 0.370490 0.065232 0.041009 0.130465 0.378240 0.064788 2
0 0.396192 0.066970 0.128705 0.133940 0.400601 0.064179 2
0 0.387253 0.081845 0.128203 0.042423 0.394668 0.083650 2
0 0.415889 0.099665 0.092465 0.031387 0.420223 0.095819 2
0 0.426797 0.155813 0.066435 0.129868 0.430262 0.163965 2
0 0.684115 0.195581 0.071695 0.031331 0.687181 0.190737 2
0 0.939764 0.039982 0.090279 0.079963 0.944099 0.036191 2
0 0.076678 0.326905 0.088665 0.194648 0.069299 0.326421 2
0 0.073197 0.449505 0.052248 0.103304 0.064736 0.454804 2
0 0.192352 0.400780 0.072505 0.092202 0.192967 0.404911 2
0 0.214754 0.409449 0.071756 0.103392 0.214415 0.404303 2
0 0.394120 0.489281 0.016497 0.079123 0.394668 0.490094 2
0 0.332285 0.619986 0.054270 0.068121 0.336713 0.615435 2
0 0.404337 0.593311 0.038667 0.129485 0.410184 0.585013 2
0 0.400244 0.564500 0.097874 0.155348 0.402426 0.564934 2
0 0.439363 0.607195 0.121048 0.141609 0.436651 0.601441 2
0 0.570034 0.588448 0.134647 0.096610 0.570358 0.578928 2
0 0.353122 0.813005 0.042629 0.148144 0.346296 0.816224 2
0 0.594988 0.704776 0.059197 0.094996 0.595457 0.704269 2
0 0.539701 0.901217 0.099910 0.040199 0.541153 0.905666 2
0 0.710284 0.961496 0.042270 0.033621 0.710910 0.961643 2
0 0.764172 0.540151 0.101586 0.041021 0.768865 0.534511 2
0 0.949696 0.394508 0.099631 0.067755 0.951856 0.398218 2
