0 0.174368 0.305680 0.030323 0.041277 0.174902 0.305990 2
0 0.318361 0.495233 0.035081 0.055488 0.318359 0.491866 2
0 0.094204 0.975969 0.048264 0.021527 0.092202 0.973684 2
0 0.714672 0.642632 0.029459 0.025497 0.715234 0.642708 2
0 0.914779 0.977614 0.023666 0.043470 0.914397 0.980139 2
0 0.699630 0.937459 0.033668 0.022393 0.702172 0.935451 2
0 0.930998 0.803492 0.029546 0.043690 0.932283 0.807927 2
0 0.883491 0.523961 0.021585 0.034524 0.884521 0.521419 2
0 0.571803 0.438742 0.023343 0.030088 0.572119 0.440039 2
0 0.666727 0.427062 0.010965 0.034623 0.667217 0.426860 2
0 0.251237 0.871594 0.044411 0.035898 0.250928 0.870703 2
