0 0.155700 0.083970 0.125561 0.167939 0.136047 0.046224 2
0 0.265700 0.212240 0.050683 0.156250 0.270020 0.214243 2
0 0.602733 0.132108 0.154886 0.155534 0.608601 0.118746 2
0 0.594176 0.244600 0.022111 0.033509 0.593643 0.243682 2
0 0.144652 0.596532 0.110772 0.105204 0.141856 0.584268 2
0 0.114104 0.665448 0.083678 0.134498 0.113477 0.669683 2
0 0.113299 0.656700 0.005540 0.015460 0.113106 0.656872 2
0 0.256869 0.511165 0.013086 0.021296 0.256414 0.511042 2
0 0.295037 0.511644 0.019960 0.017834 0.294642 0.512395 2
0 0.601163 0.617577 0.094301 0.184372 0.588278 0.612354 2
0 0.781252 0.560513 0.079784 0.169203 0.787042 0.561765 2
0 0.902637 0.495101 0.092856 0.058730 0.904036 0.495694 2
0 0.902002 0.426824 0.069043 0.065888 0.915639 0.416409 2
0 0.849994 0.799259 0.016041 0.012556 0.850034 0.799366 2
