0 0.085323 0.302916 0.101657 0.226937 0.088170 0.310640 2
0 0.035387 0.390893 0.070774 0.212422 0.010045 0.414807 2
0 0.172205 0.170566 0.068835 0.182009 0.176060 0.164621 2
0 0.217482 0.110638 0.088861 0.139155 0.220624 0.105296 2
0 0.339226 0.165678 0.185015 0.172995 0.330915 0.174851 2
0 0.376326 0.114190 0.052646 0.167951 0.376953 0.112537 2
0 0.466231 0.021683 0.106214 0.043367 0.462751 0.013951 2
0 0.511616 0.273846 0.047038 0.106788 0.519252 0.274368 2
0 0.515461 0.245872 0.067113 0.075006 0.513672 0.238095 2
0 0.344162 0.287199 0.178016 0.144303 0.335100 0.279018 2
0 0.337837 0.356700 0.170518 0.185197 0.347656 0.373884 2
0 0.410126 0.314610 0.087018 0.067961 0.409040 0.326451 2
0 0.549429 0.394541 0.034212 0.057449 0.543666 0.397135 2
0 0.827335 0.334518 0.175053 0.117201 0.819196 0.331101 2
0 0.747697 0.272184 0.089301 0.153062 0.745954 0.265997 2
0 0.695769 0.454766 0.030565 0.191605 0.699916 0.460379 2
0 0.953648 0.424737 0.091728 0.212316 0.969866 0.436198 2
0 0.965842 0.278138 0.067339 0.096966 0.990792 0.289249 2
0 0.975312 0.181700 0.048399 0.184659 0.983119 0.176711 2
0 0.583627 0.105337 0.089030 0.210674 0.582729 0.106027 2
0 0.185005 0.582311 0.192197 0.283885 0.194196 0.594308 2
0 0.191019 0.707197 0.062807 0.145756 0.186523 0.717076 2
0 0.233348 0.534481 0.122973 0.071980 0.233956 0.526414 2
0 0.180305 0.916832 0.133627 0.121166 0.182338 0.897507 2
0 0.463867 0.802612 0.210099 0.159912 0.450195 0.837054 2
0 0.398211 0.893933 0.084315 0.120016 0.402065 0.898437 2
0 0.648439 0.826207 0.111249 0.158608 0.647600 0.835193 2
0 0.955298 0.970278 0.059130 0.058142 0.948242 0.989583 2
